id,Status_C,Status_CL,Status_D
7905,0.7942774054937431,0.025572719129668228,0.1801498753765884
7906,0.7030970799913876,0.034451744240357296,0.2624511757682553
7907,0.5325480338861157,0.047866742967962415,0.41958522314592167
7908,0.8359341451969626,0.032767426408243226,0.13129842839479403
7909,0.5326738569444678,0.03484897143596322,0.4324771716195687
7910,0.747919435070058,0.03254297968616782,0.2195375852437742
7911,0.8077323298563149,0.03140715386609228,0.16086051627759287
7912,0.49238163226378945,0.053132550180732006,0.4544858175554785
7913,0.019592737520418995,0.037027793342733345,0.9433794691368479
7914,0.36456455892366746,0.03142948091347178,0.6040059601628609
7915,0.23881232409045494,0.025159926422027867,0.736027749487517
7916,0.7274583595351781,0.03360606207766261,0.23893557838715906
7917,0.76526396764118,0.05646771421839057,0.1782683181404293
7918,0.843458068376044,0.038556335866721816,0.11798559575723427
7919,0.7141289640934462,0.03764508893931724,0.2482259469672366
7920,0.8787869472169516,0.03241687900933085,0.08879617377371748
7921,0.7504360445781459,0.03675905826765515,0.21280489715419865
7922,0.23165109269411124,0.03916741625916686,0.729181491046722
7923,0.9121856178275544,0.016672385728412707,0.07114199644403288
7924,0.5884572997072582,0.03370642770978847,0.3778362725829533
7925,0.05847660407703026,0.023217436526440954,0.9183059593965288
7926,0.7815399660865958,0.030280103402840604,0.18817993051056373
7927,0.8267802493258343,0.043335403226307224,0.1298843474478583
7928,0.2923819382989024,0.03397295334343897,0.6736451083576586
7929,0.7966547849421497,0.028753730896005227,0.1745914841618449
7930,0.22807412019107184,0.03885970047851368,0.7330661793304144
7931,0.8368050975110001,0.03452240761079203,0.12867249487820817
7932,0.6272563361806935,0.032648287744280094,0.34009537607502605
7933,0.6653373359073519,0.0350599411978209,0.2996027228948271
7934,0.8660088754281203,0.03219943737419788,0.1017916871976816
7935,0.7525703811980763,0.031026473403094768,0.21640314539882882
7936,0.7621093889834064,0.02912292146067628,0.20876768955591704
7937,0.7087801775044782,0.033181101368076414,0.25803872112744497
7938,0.652991701830882,0.03142323927999313,0.3155850588891251
7939,0.4889902876358359,0.03135626452819636,0.4796534478359678
7940,0.8553182634029894,0.02761221524593255,0.11706952135107797
7941,0.07889767127976473,0.03207673634810589,0.8890255923721294
7942,0.7969317672661301,0.03208918550993385,0.17097904722393603
7943,0.06969535663845332,0.04909651045718173,0.8812081329043651
7944,0.892119789774559,0.03129821171479939,0.07658199851064162
7945,0.844663220234783,0.026844400251496904,0.12849237951371986
7946,0.7427333254434824,0.03137559244843737,0.22589108210808023
7947,0.8046471980639979,0.03438703276264472,0.1609657691733573
7948,0.353944830184774,0.018697420056387002,0.627357749758839
7949,0.12858676611666242,0.04488607627098624,0.8265271576123514
7950,0.7880428726560822,0.033972878347539086,0.17798424899637874
7951,0.6865052849655624,0.03263473916077315,0.2808599758736644
7952,0.5452745821970395,0.037603657496791225,0.4171217603061695
7953,0.06150473573086497,0.03651302141424416,0.9019822428548908
7954,0.8878221974776701,0.038322831184107044,0.0738549713382229
7955,0.48767023674529475,0.04663540197233796,0.46569436128236735
7956,0.02556379642933859,0.055028741201966644,0.9194074623686948
7957,0.6683913091349806,0.03188632902362885,0.29972236184139067
7958,0.05974855536287179,0.04353545564771384,0.8967159889894144
7959,0.24999038062883888,0.031944611610960544,0.7180650077602008
7960,0.5938425980910526,0.03416922106932929,0.37198818083961843
7961,0.851675177834271,0.03274919988183486,0.11557562228389408
7962,0.48684492336133584,0.02504604343438092,0.4881090332042833
7963,0.6747679495221359,0.03321693655384017,0.29201511392402413
7964,0.03882677496529198,0.035052918498568536,0.9261203065361394
7965,0.7962822434727843,0.035285715727374864,0.168432040799841
7966,0.8084315232229952,0.013366764675707644,0.17820171210129732
7967,0.8658874282001228,0.02964260138590095,0.10446997041397627
7968,0.8410905645810794,0.030542416661986052,0.12836701875693451
7969,0.35639782714573537,0.0331555449347656,0.610446627919499
7970,0.8583824473420565,0.010462719255082163,0.13115483340286124
7971,0.8270872769033453,0.027387529156775593,0.14552519393987898
7972,0.24106141195250744,0.03823184535484135,0.7207067426926509
7973,0.8747162928802988,0.03462154771333719,0.09066215940636416
7974,0.4210230233620108,0.0370666052073148,0.5419103714306744
7975,0.7964383827451768,0.03556142338236237,0.168000193872461
7976,0.3645315734028981,0.031056454640123212,0.6044119719569786
7977,0.8298805218680878,0.0238532443435938,0.14626623378831843
7978,0.08140563100417075,0.06650272504061461,0.8520916439552144
7979,0.7519223085251721,0.021592549901990794,0.22648514157283725
7980,0.7842334205195806,0.025400697482088064,0.1903658819983312
7981,0.7708103467093712,0.04743620668258949,0.1817534466080393
7982,0.8235263249674752,0.03658389136071887,0.1398897836718057
7983,0.753497648862678,0.050135514935980105,0.196366836201342
7984,0.18519190805104316,0.033077614020033744,0.781730477928923
7985,0.8975135240686506,0.02250953922955997,0.07997693670178976
7986,0.16292262489686105,0.0467075411186159,0.790369833984523
7987,0.5549150014256846,0.059941802277079494,0.38514319629723587
7988,0.2999497259624784,0.0656376906768372,0.6344125833606844
7989,0.7794274252727167,0.03584243657938377,0.1847301381478995
7990,0.8405045833203182,0.03287110483875672,0.1266243118409252
7991,0.17687018263355347,0.03253843697038943,0.7905913803960571
7992,0.6565335274264225,0.02973430038488895,0.31373217218868876
7993,0.8537042908386927,0.0344205103166609,0.1118751988446463
7994,0.8851587879121858,0.032370318595264506,0.08247089349254952
7995,0.5543796159332695,0.031014825685752086,0.4146055583809783
7996,0.14013252456934963,0.07328105973109161,0.7865864156995588
7997,0.8362172148772938,0.0325450740090522,0.13123771111365395
7998,0.0075609447661676675,0.03080241910655502,0.9616366361272775
7999,0.0553003648963291,0.05578136922041878,0.8889182658832522
8000,0.6722196455593067,0.029290480637394867,0.2984898738032985
8001,0.8063493440795205,0.02510590170319225,0.16854475421728715
8002,0.6620446187974188,0.041293829863783396,0.29666155133879774
8003,0.684001803978019,0.05386442878908379,0.2621337672328971
8004,0.7426300105818252,0.03518342753758113,0.22218656188059363
8005,0.7871284526803481,0.03021723512374405,0.182654312195908
8006,0.6012763560417943,0.03149691377138096,0.3672267301868246
8007,0.7977547870593411,0.03140983626681287,0.17083537667384585
8008,0.8833674649193124,0.02881019734347126,0.08782233773721615
8009,0.7759582199119736,0.025077938517442486,0.1989638415705838
8010,0.8810368034509497,0.03269345893126693,0.08626973761778318
8011,0.5114005795553678,0.044349724549222064,0.44424969589541013
8012,0.7895278135820982,0.03434219744153014,0.17612998897637183
8013,0.14911594806686,0.06294287991118333,0.7879411720219565
8014,0.7678039088739284,0.050789383590912576,0.18140670753515878
8015,0.9017416139738789,0.0307339732347981,0.06752441279132321
8016,0.8949649569062795,0.02993792194709721,0.07509712114662341
8017,0.8332480418870769,0.027142927182313595,0.1396090309306094
8018,0.7803485278290564,0.03425038444084422,0.1854010877300994
8019,0.8267382056076776,0.04552505948203311,0.12773673491028914
8020,0.35839575167112886,0.04241535037831141,0.5991888979505595
8021,0.5070541960896952,0.033527711128372106,0.4594180927819328
8022,0.2596100690146212,0.03445378517922736,0.7059361458061514
8023,0.7860318576350938,0.03626499608084242,0.17770314628406417
8024,0.7896815585544161,0.028384481795994197,0.18193395964958992
8025,0.1460119054449013,0.03325583773799846,0.8207322568171
8026,0.8188066337868531,0.030428428700238486,0.1507649375129083
8027,0.8840622948512395,0.02738825758577776,0.08854944756298294
8028,0.2916809695284001,0.033484782241049074,0.6748342482305509
8029,0.09844796361610385,0.030156924061833734,0.8713951123220625
8030,0.933089721223317,0.006377180516901206,0.06053309825978165
8031,0.5683175385021543,0.04010312591894545,0.3915793355789002
8032,0.797400759852051,0.030551191879565308,0.1720480482683835
8033,0.12130430397058797,0.035404113663790156,0.8432915823656217
8034,0.3939641493387841,0.05495584206448559,0.5510800085967303
8035,0.6843093358801706,0.03369049456304743,0.2820001695567819
8036,0.881903903123807,0.038405231729661975,0.07969086514653123
8037,0.20669798392135985,0.031824858944119946,0.7614771571345202
8038,0.7825972460089199,0.03463700867240211,0.1827657453186781
8039,0.16727943500340284,0.04107959587034295,0.7916409691262539
8040,0.23539802509142346,0.11630548321847893,0.6482964916900976
8041,0.28008049008179314,0.0319481497370251,0.6879713601811813
8042,0.0523939854340222,0.032429948440878785,0.915176066125099
8043,0.895069736592219,0.03149163269966709,0.07343863070811386
8044,0.015732819853178284,0.03532637686665839,0.9489408032801636
8045,0.3778176190742615,0.03424230294762939,0.5879400779781089
8046,0.8520580857997591,0.025064797328425887,0.12287711687181478
8047,0.6921002229523051,0.04446239251042951,0.2634373845372655
8048,0.8606691839763672,0.03243531228750845,0.10689550373612446
8049,0.6686758277799929,0.05573264925422012,0.2755915229657867
8050,0.766582412396828,0.034557080092417,0.19886050751075474
8051,0.26525460444350807,0.04350536820761059,0.6912400273488811
8052,0.8890740573663652,0.03962982417364332,0.07129611845999106
8053,0.151388299363627,0.0639950696261835,0.7846166310101896
8054,0.8199973611455462,0.032244679175059285,0.14775795967939476
8055,0.774494094459582,0.034353991204629925,0.19115191433578813
8056,0.851045670039037,0.034269688635250276,0.11468464132571297
8057,0.8545472040221995,0.03322894341174507,0.11222385256605512
8058,0.501041810204899,0.04804284972696687,0.450915340068134
8059,0.5328045062997084,0.029895849787258417,0.43729964391303305
8060,0.36146434826752805,0.033826064183929035,0.6047095875485428
8061,0.31988324415504704,0.030317650216770468,0.6497991056281823
8062,0.18485844958688394,0.015056494722099746,0.8000850556910163
8063,0.8394187535599076,0.03544438198492935,0.12513686445516303
8064,0.14761221588811024,0.030185585056391986,0.8222021990554977
8065,0.8443808109543948,0.029013149649993297,0.1266060393956121
8066,0.8236511244536047,0.02872256983191558,0.14762630571447996
8067,0.07446550256795169,0.0708752218860986,0.8546592755459499
8068,0.6581496304881831,0.030172501339897743,0.3116778681719191
8069,0.4988795951762327,0.035677831413204804,0.46544257341056255
8070,0.8290175613209694,0.02601695007937272,0.1449654885996577
8071,0.8695285735915708,0.030740786006270653,0.09973064040215866
8072,0.8908861000078052,0.03130642271548558,0.07780747727670931
8073,0.8321643316537378,0.03194571598699809,0.1358899523592639
8074,0.6115671614971968,0.037559508955921216,0.3508733295468818
8075,0.651087975355163,0.032652905671307395,0.31625911897352965
8076,0.8281078655825411,0.03383118329624906,0.13806095112121008
8077,0.24308723063349522,0.028879513884420865,0.7280332554820841
8078,0.20929869951609292,0.03283273032087079,0.7578685701630364
8079,0.3906553042095922,0.037544748567650055,0.5717999472227578
8080,0.766957585061376,0.03261346039681926,0.20042895454180462
8081,0.8747522836465983,0.03001043383534369,0.09523728251805766
8082,0.4880526382542128,0.03588985404955282,0.4760575076962342
8083,0.4142258366730266,0.03336076498032348,0.5524133983466497
8084,0.24066623234684306,0.03755030229191056,0.7217834653612464
8085,0.8935515098748933,0.0320249864618382,0.07442350366326846
8086,0.007982273059501813,0.053262396648878566,0.9387553302916195
8087,0.6871110114226465,0.03522420067775833,0.27766478789959514
8088,0.7665515548399752,0.032540355401646626,0.2009080897583782
8089,0.8357565374487627,0.02842737063064698,0.13581609192059044
8090,0.07346460732808395,0.026131713764622592,0.9004036789072934
8091,0.8864427669866771,0.031406318177425036,0.08215091483589773
8092,0.05971807553185477,0.03936142625541168,0.9009204982127335
8093,0.4105668486666239,0.030618958874164527,0.5588141924592117
8094,0.16247488313630137,0.04484022530336845,0.7926848915603302
8095,0.6931413513624385,0.051395996898875876,0.25546265173868565
8096,0.6702223357163323,0.030756556435691366,0.2990211078479764
8097,0.6318178751907864,0.03436992065114314,0.33381220415807056
8098,0.5102229006428018,0.037527104766499855,0.4522499945906982
8099,0.7400799097485414,0.032230887241510804,0.22768920300994772
8100,0.08396982414216139,0.028904779977999034,0.8871253958798395
8101,0.7513223848994893,0.040676030167958094,0.20800158493255252
8102,0.8096802246342403,0.02689116663038524,0.16342860873537446
8103,0.6640624394999146,0.03209474176207556,0.3038428187380097
8104,0.5372143996571694,0.031294099562470715,0.43149150078035964
8105,0.0443520771113542,0.028510709578814873,0.9271372133098308
8106,0.8746002171764761,0.03222753912061115,0.09317224370291281
8107,0.2764776134849313,0.03137270374360541,0.6921496827714637
8108,0.8601899418362038,0.03747382110257583,0.10233623706122012
8109,0.868945775633688,0.028930109811110983,0.10212411455520107
8110,0.810473987298191,0.04976496208784857,0.13976105061396027
8111,0.6853711980106473,0.0461904602456299,0.2684383417437228
8112,0.690852420663632,0.034562161571274126,0.27458541776509393
8113,0.03059611514524042,0.05270782191533067,0.916696062939429
8114,0.061922102031074525,0.035164525594698064,0.9029133723742276
8115,0.5918620789662169,0.029015712470854486,0.37912220856292866
8116,0.7458838595244989,0.048195766280773385,0.20592037419472745
8117,0.3572784154128929,0.03264321482688841,0.6100783697602187
8118,0.7785998840867999,0.03763541127790145,0.1837647046352985
8119,0.8315926740729885,0.02452069178799388,0.1438866341390176
8120,0.7803319473519462,0.03880691230432968,0.18086114034372416
8121,0.4547991553633473,0.13527039106420122,0.40993045357245145
8122,0.7342213071923529,0.031910893339836016,0.23386779946781144
8123,0.8733094157284923,0.030081674005066495,0.09660891026644114
8124,0.5274760619469476,0.03785474412849519,0.4346691939245572
8125,0.8746010585509217,0.03447402890450253,0.09092491254457566
8126,0.5619166149288708,0.03658764144642262,0.4014957436247065
8127,0.3959941242242775,0.04642442670587587,0.5575814490698465
8128,0.3772176223242009,0.03791982027030825,0.5848625574054911
8129,0.8606830944203406,0.049067847369906534,0.09024905820975257
8130,0.4739405092658717,0.02965476002319097,0.4964047307109373
8131,0.12245360931140506,0.06837654130101453,0.8091698493875804
8132,0.4980483648487506,0.04529453276191884,0.4566571023893305
8133,0.7331127964706905,0.05372082514308511,0.21316637838622438
8134,0.7433756400573512,0.03315614921040591,0.22346821073224252
8135,0.03847152308345281,0.026882919325164494,0.9346455575913827
8136,0.05685168473026884,0.048964382785739155,0.894183932483992
8137,0.8353806491838393,0.028756255963419953,0.13586309485274076
8138,0.10692643984556482,0.04146680607564067,0.8516067540787945
8139,0.5372587827494063,0.030055871445387558,0.43268534580520607
8140,0.6438871362067287,0.039019367834904325,0.317093495958367
8141,0.8558614624382612,0.033422607422325654,0.11071593013941317
8142,0.8235101884842211,0.052113329588597296,0.12437648192718181
8143,0.8521761482331134,0.03652160013701496,0.11130225162987148
8144,0.5085589731072605,0.038018124514928864,0.4534229023778107
8145,0.7686234040263573,0.03387167437091134,0.1975049216027312
8146,0.8573283088867968,0.02298023744720811,0.11969145366599505
8147,0.6307312961200783,0.025631331403519246,0.34363737247640247
8148,0.8657809034120839,0.027610960543996404,0.10660813604391943
8149,0.8855522495375242,0.03963187142299661,0.07481587903947902
8150,0.6257314288235526,0.033846101840898854,0.34042246933554865
8151,0.75337881209103,0.029917297587174454,0.21670389032179566
8152,0.8889084453223114,0.02493028869019749,0.08616126598749124
8153,0.8036151665929856,0.024415639873322327,0.1719691935336924
8154,0.8707631887066126,0.042153577998463594,0.08708323329492368
8155,0.40267701337187517,0.028973768589870615,0.568349218038254
8156,0.8805649374515135,0.0365847276530352,0.08285033489545097
8157,0.8126915389441571,0.034174628081425996,0.15313383297441724
8158,0.8587070099360781,0.043868967901653975,0.097424022162268
8159,0.7037487908907558,0.03355621135004722,0.262694997759197
8160,0.6921346427118169,0.0328740234092762,0.27499133387890684
8161,0.6806183580307562,0.03681230017315336,0.2825693417960902
8162,0.7673146600680557,0.038443860072384164,0.19424147985955995
8163,0.24306064323378346,0.04278271262981712,0.7141566441363996
8164,0.8092292554861544,0.029452459478756965,0.16131828503508866
8165,0.04505946281785058,0.03241264479270977,0.9225278923894398
8166,0.8343003504277801,0.015600467833003716,0.15009918173921635
8167,0.3386818073042671,0.005869150091937482,0.6554490426037957
8168,0.8649631287592453,0.03018333565778238,0.1048535355829724
8169,0.9031684249995627,0.03180839042359613,0.06502318457684134
8170,0.7327622191518016,0.038735263502322474,0.22850251734587568
8171,0.87509076087186,0.014321697858895739,0.11058754126924393
8172,0.22844226937248302,0.030183430821443105,0.7413742998060739
8173,0.8328115759540305,0.03271113356540228,0.13447729048056728
8174,0.909232371821806,0.01973979048348773,0.07102783769470612
8175,0.6714719089187071,0.03129481945779318,0.29723327162349983
8176,0.615832168624508,0.039403973127599565,0.34476385824789224
8177,0.2809480616621024,0.03448536527109716,0.6845665730668006
8178,0.8423654097527163,0.04274848789178863,0.11488610235549508
8179,0.529568250260237,0.03971453700280019,0.43071721273696273
8180,0.5365562277372806,0.04951819816073192,0.41392557410198744
8181,0.7522663674739218,0.033904559749568824,0.21382907277650934
8182,0.8750702296911966,0.03754660045471243,0.08738316985409057
8183,0.8698335487015573,0.03207253648225336,0.09809391481618929
8184,0.7930960488869664,0.03675864528416355,0.17014530582887027
8185,0.8868872969548481,0.037394895802584795,0.07571780724256687
8186,0.8157172106001722,0.040606943929297604,0.14367584547053017
8187,0.30134515501505504,0.04565635472000174,0.6529984902649432
8188,0.8524321173139882,0.0336648407297786,0.1139030419562331
8189,0.5087381648789276,0.0316034997024634,0.4596583354186091
8190,0.5635823647240795,0.061055442939227385,0.3753621923366931
8191,0.8011479934273991,0.029013040904150734,0.1698389656684501
8192,0.8294117967701223,0.033798533634244156,0.13678966959563338
8193,0.8294571385228587,0.03116886344080578,0.13937399803633543
8194,0.848493926394771,0.03186598912787815,0.11964008447735092
8195,0.7775033784378664,0.038493246488415206,0.18400337507371842
8196,0.769150198648233,0.03437686368594415,0.1964729376658229
8197,0.728571808668787,0.03518181536325033,0.23624637596796283
8198,0.6125232716026978,0.09416931971526225,0.29330740868203986
8199,0.6827499836374965,0.041634094459480964,0.27561592190302275
8200,0.850356512721264,0.03470341266993741,0.11494007460879867
8201,0.568744139764451,0.02660995178028001,0.40464590845526865
8202,0.35587896105708144,0.03390318617868125,0.6102178527642372
8203,0.8544625381868801,0.031920549351631196,0.11361691246148867
8204,0.6577892264488326,0.04112231894942342,0.3010884546017439
8205,0.9105661503301662,0.01991847628430834,0.06951537338552555
8206,0.638884593427445,0.02636427413027523,0.33475113244228
8207,0.8243518170778369,0.030024761226437557,0.14562342169572576
8208,0.5226068867383121,0.040072187651954846,0.4373209256097331
8209,0.7284574693885225,0.03169217440888933,0.23985035620258804
8210,0.8711176598168247,0.033646677411650984,0.09523566277152393
8211,0.5154381328812596,0.037648498740333845,0.44691336837840645
8212,0.8675570764974012,0.029058026094855954,0.10338489740774273
8213,0.8834495878798374,0.03268029631422721,0.08387011580593538
8214,0.09490990163529753,0.031030731357340097,0.8740593670073624
8215,0.7846479204693793,0.04793843233837722,0.16741364719224333
8216,0.8413875815648285,0.03342090491920861,0.12519151351596286
8217,0.6907035008777556,0.03938895634311317,0.2699075427791312
8218,0.40155932743397743,0.02828223973183775,0.5701584328341847
8219,0.7085345626549258,0.047549970713026725,0.24391546663204752
8220,0.8451375951222373,0.02818125525396518,0.1266811496237977
8221,0.045700243687942,0.03306195151963159,0.9212378047924263
8222,0.2048809063934395,0.0326183438539002,0.7625007497526604
8223,0.7052116096002808,0.04213417332440995,0.2526542170753092
8224,0.7622842764498603,0.04428979592868352,0.19342592762145616
8225,0.2943586762532473,0.025141848416692418,0.6804994753300603
8226,0.11351347402744616,0.023376988902132932,0.8631095370704212
8227,0.8089589997052411,0.0397299062756675,0.15131109401909112
8228,0.8872916775758563,0.02813180088882006,0.08457652153532387
8229,0.43652428170012547,0.0203250787030361,0.5431506395968383
8230,0.7029890676685172,0.029652018073261757,0.26735891425822117
8231,0.7580366312601526,0.048327908442654464,0.1936354602971928
8232,0.45573032013483117,0.029129270759246186,0.5151404091059228
8233,0.2921464347400391,0.036148604403028514,0.6717049608569324
8234,0.7855256717546318,0.03126981014002935,0.1832045181053387
8235,0.2521087851533906,0.031149945006274327,0.7167412698403348
8236,0.3967382851873059,0.04185689306503517,0.5614048217476587
8237,0.5080584226378922,0.031082290851345205,0.4608592865107626
8238,0.8376161172371828,0.025090601651501752,0.13729328111131534
8239,0.4007647299957943,0.03444101072338427,0.5647942592808214
8240,0.7656300288067618,0.03435302967330809,0.20001694151993024
8241,0.06220797227594248,0.01914136824696821,0.9186506594770895
8242,0.562285366227066,0.034157536588543744,0.40355709718439015
8243,0.7615928489982243,0.03766333781340611,0.2007438131883695
8244,0.8707848859307856,0.016889450160461495,0.11232566390875273
8245,0.861381525247033,0.04080838089808621,0.0978100938548808
8246,0.33040381995326484,0.058242353138278545,0.6113538269084564
8247,0.8505362264797933,0.03123063838211237,0.11823313513809422
8248,0.85519836855201,0.03551266776581531,0.10928896368217443
8249,0.7342097583346422,0.033621746477662855,0.23216849518769495
8250,0.8669679546857401,0.031422308033839004,0.10160973728042073
8251,0.4555620871679772,0.04339483490610096,0.5010430779259216
8252,0.8087814109088329,0.029745128535539896,0.16147346055562736
8253,0.8516729374591624,0.03773105282091866,0.1105960097199189
8254,0.7625884818945735,0.034873797254047344,0.20253772085137894
8255,0.72267088538158,0.046977769105692194,0.23035134551272768
8256,0.18219618018808184,0.032528619195147136,0.7852752006167711
8257,0.7919165478200512,0.05415304052061133,0.15393041165933766
8258,0.019664315750230744,0.03706884535185306,0.943266838897916
8259,0.036399293730210336,0.03905110025799472,0.9245496060117953
8260,0.8391029017543339,0.03455125520954665,0.1263458430361194
8261,0.6960615839742469,0.03966203944336295,0.2642763765823902
8262,0.7315482071852983,0.025666033171577878,0.24278575964312363
8263,0.84040543597882,0.03896707903193677,0.1206274849892434
8264,0.7954905836868936,0.033548241936690225,0.17096117437641634
8265,0.6502198989665761,0.03538522679630553,0.3143948742371183
8266,0.06134690496823893,0.036406081497062814,0.9022470135346984
8267,0.8594093375125181,0.03247655440999863,0.10811410807748342
8268,0.8087121845132442,0.03215642276703457,0.1591313927197212
8269,0.7960036513479376,0.044569800969818885,0.15942654768224349
8270,0.37354993376039985,0.05784097564230477,0.5686090905972955
8271,0.7631540541517671,0.03736858089867152,0.1994773649495616
8272,0.8692634843584455,0.028877456402241066,0.10185905923931338
8273,0.6702428578338827,0.03453957923899653,0.29521756292712076
8274,0.7558445758681067,0.03113189161026603,0.21302353252162734
8275,0.8352985887174311,0.05787641515877297,0.10682499612379619
8276,0.7810488233889779,0.024338344036192817,0.19461283257482948
8277,0.8442514377718369,0.03597269557412236,0.11977586665404077
8278,0.7792964574911411,0.03256469586365374,0.18813884664520508
8279,0.8901072238013176,0.030458656326265435,0.07943411987241696
8280,0.17217005851085437,0.06288873619707769,0.764941205292068
8281,0.8463070257962612,0.027280500826880903,0.12641247337685788
8282,0.8454957779284957,0.04728152135945995,0.10722270071204411
8283,0.7580703513652027,0.03056057157551481,0.21136907705928237
8284,0.8080356973356548,0.03861858794402512,0.15334571472032002
8285,0.1878193373838967,0.03571211702159072,0.7764685455945126
8286,0.8812839075330864,0.031988811221456616,0.08672728124545682
8287,0.769753393204209,0.03145383930413799,0.1987927674916529
8288,0.852113390738137,0.03234667776073216,0.11553993150113107
8289,0.6220099307538115,0.035255435857061326,0.3427346333891273
8290,0.8484758705368954,0.013511113127278549,0.138013016335826
8291,0.6362937962324499,0.04496400726454372,0.3187421965030065
8292,0.3578789935284465,0.045531334024282735,0.5965896724472709
8293,0.875098340386302,0.025818853677826357,0.09908280593587156
8294,0.8650907276380547,0.031784763204099425,0.10312450915784586
8295,0.86560127763725,0.030657550617236108,0.10374117174551359
8296,0.4212614793941806,0.05636806711866053,0.5223704534871593
8297,0.8538568209286436,0.030145263878629987,0.11599791519272636
8298,0.825925915530997,0.03471834664205507,0.1393557378269476
8299,0.8446655694947591,0.03512498437869151,0.12020944612654944
8300,0.6670315151562517,0.0336138996516584,0.2993545851920901
8301,0.6856853184763712,0.0366359319066425,0.2776787496169862
8302,0.22163014430024405,0.036707667353764684,0.7416621883459913
8303,0.8972289658076699,0.029574034957812856,0.07319699923451722
8304,0.4452205608103963,0.02941197496288592,0.5253674642267179
8305,0.8791140842511868,0.04309531397169605,0.07779060177711708
8306,0.8166429545549542,0.034091854125246596,0.1492651913197991
8307,0.01506576329791543,0.04279798862746543,0.942136248074619
8308,0.9061280090475313,0.019826475261833214,0.07404551569063567
8309,0.04773693096445337,0.061515101537646596,0.8907479674978999
8310,0.7279997583293278,0.03051245035712271,0.2414877913135493
8311,0.8006028930738455,0.03355934797092979,0.1658377589552247
8312,0.888635019176997,0.03245148392153043,0.0789134969014725
8313,0.6918229433337724,0.03374095216768583,0.2744361044985417
8314,0.7517863146228853,0.031505328700019125,0.21670835667709545
8315,0.6228088341378228,0.03465366759840629,0.3425374982637707
8316,0.8716290570650949,0.03274956946209077,0.09562137347281444
8317,0.7968291928580402,0.039096104177374996,0.16407470296458465
8318,0.6857334102243391,0.03141196220003825,0.2828546275756226
8319,0.08832866588350301,0.04773935338672792,0.863931980729769
8320,0.8797841538820466,0.02670208063202914,0.09351376548592404
8321,0.43637810405675787,0.03980087677543506,0.5238210191678072
8322,0.810108465604049,0.03500542218675285,0.154886112209198
8323,0.029929182917090878,0.08657199086784843,0.8834988262150606
8324,0.16974301909587783,0.042298944586126645,0.7879580363179955
8325,0.850300454776193,0.04171559605026876,0.10798394917353808
8326,0.8769441692839518,0.033423855238891347,0.08963197547715655
8327,0.7471625613089845,0.03967562776610193,0.21316181092491351
8328,0.007159344018788798,0.023642830974344557,0.9691978250068666
8329,0.622730195498172,0.03130646419804958,0.3459633403037785
8330,0.06679973373047805,0.07583371730474356,0.8573665489647782
8331,0.8073340342895913,0.034268534978735866,0.15839743073167312
8332,0.7040200939045113,0.04656757514745394,0.24941233094803483
8333,0.8637397414853708,0.0254174992009645,0.11084275931366463
8334,0.8150038006794553,0.02316357731513782,0.16183262200540682
8335,0.7911813369393654,0.02989949569572826,0.17891916736490635
8336,0.5750646684853759,0.03232484664930341,0.39261048486532074
8337,0.7899248408786124,0.03360996274621713,0.17646519637517052
8338,0.8598952367835765,0.031145175668004104,0.10895958754841956
8339,0.29590505670085915,0.03507743429488639,0.6690175090042547
8340,0.612680080878524,0.04120719903933904,0.3461127200821368
8341,0.8325265352630473,0.03466100085214613,0.1328124638848065
8342,0.8144049553954619,0.04151130156372783,0.14408374304081026
8343,0.5022787801288439,0.029431132769494734,0.4682900871016614
8344,0.11045400958309182,0.035282594098716084,0.854263396318192
8345,0.7411706741818975,0.035385427017310775,0.22344389880079152
8346,0.49386489226316627,0.03520735632606237,0.47092775141077137
8347,0.641285712915438,0.03359741972449612,0.32511686736006584
8348,0.8020890514420081,0.03373572549734982,0.164175223060642
8349,0.9150694712617441,0.020818628751316872,0.06411189998693914
8350,0.8564283206884968,0.031294430817109545,0.11227724849439379
8351,0.8179287994432809,0.02855693776331852,0.15351426279340036
8352,0.8783383271154943,0.032258757304222646,0.08940291558028299
8353,0.08504973615235865,0.04781782106833625,0.8671324427793051
8354,0.05032971821618066,0.03583829710527337,0.9138319846785458
8355,0.8916921525776957,0.025727998768118508,0.08257984865418576
8356,0.8262743409107121,0.03100432505342452,0.14272133403586368
8357,0.15413743109168565,0.030145630126697652,0.8157169387816168
8358,0.4454147898737108,0.03016300095670084,0.5244222091695883
8359,0.8536236712490947,0.024555567171703485,0.12182076157920174
8360,0.7842096240011531,0.02470273897571277,0.19108763702313386
8361,0.7584035587707859,0.02927787099498294,0.21231857023423095
8362,0.7701450622062707,0.03170228342492705,0.19815265436880217
8363,0.09654446013383343,0.04420815924709848,0.8592473806190678
8364,0.8146736022578417,0.037418579164855546,0.14790781857730298
8365,0.8744566217839869,0.027088364194526614,0.09845501402148626
8366,0.5413061659396431,0.03253333698065425,0.4261604970797026
8367,0.9303926914299661,0.0027474825637814936,0.06685982600625248
8368,0.8365698210180541,0.03269109007404173,0.1307390889079044
8369,0.3701663865227115,0.03622451792554809,0.5936090955517401
8370,0.38774752855469,0.02980523390634761,0.5824472375389624
8371,0.5848451411087552,0.033288738267347504,0.38186612062389713
8372,0.04704485442081911,0.03818280042038524,0.9147723451587958
8373,0.06072144413708074,0.02811363494211935,0.9111649209207998
8374,0.2536716828239145,0.04095047657605125,0.7053778406000342
8375,0.8511991915390748,0.029575381546859385,0.11922542691406571
8376,0.8491664472735622,0.024081569184394327,0.12675198354204342
8377,0.8499694412129607,0.032060073358464496,0.1179704854285751
8378,0.8648013977378448,0.03508496685211505,0.10011363541004015
8379,0.9248440287923996,0.02809381887566215,0.04706215233193837
8380,0.8474583358753707,0.03266230467342274,0.11987935945120666
8381,0.838688588198392,0.0451682537478576,0.1161431580537508
8382,0.8727266751413505,0.032142817658363125,0.09513050720028636
8383,0.40245331326272793,0.05665674410043446,0.5408899426368374
8384,0.8258060576307129,0.03521776366272544,0.13897617870656154
8385,0.2772257846384961,0.03117953899815761,0.6915946763633463
8386,0.36638147722664294,0.030154929669075622,0.6034635931042815
8387,0.6454455119585757,0.03173627980560178,0.3228182082358228
8388,0.7494543554847152,0.032548124158060125,0.2179975203572248
8389,0.6445180963831512,0.007670908490699017,0.3478109951261502
8390,0.10041237192899702,0.047099835840727064,0.852487792230276
8391,0.7474199849679799,0.03188256842591558,0.22069744660610463
8392,0.8478102259640609,0.030606163669711195,0.12158361036622788
8393,0.9054499036867103,0.02685184709677069,0.0676982492165191
8394,0.022763711329021927,0.0365189806555367,0.9407173080154413
8395,0.25818906533225966,0.04439823109972524,0.6974127035680152
8396,0.33531926689946523,0.0469842898826696,0.6176964432178652
8397,0.7456570658530116,0.03371399266176681,0.22062894148522125
8398,0.8413811344733996,0.03408270365113956,0.12453616187546096
8399,0.7367569408926927,0.0429281598804165,0.22031489922689074
8400,0.06326674338969408,0.02492158559150933,0.9118116710187966
8401,0.6227135309874344,0.039759811730593175,0.33752665728197223
8402,0.5141726351005274,0.036008362562952465,0.4498190023365204
8403,0.17321144889734624,0.03580261301058839,0.7909859380920657
8404,0.5008595665337955,0.03642372800500596,0.4627167054611985
8405,0.5623619511562441,0.030042063248700634,0.40759598559505533
8406,0.8775277310870433,0.030245579353570282,0.09222668955938651
8407,0.8573273256536373,0.030770180092124667,0.1119024942542379
8408,0.7693298088067068,0.0314524015558871,0.19921778963740588
8409,0.09085800463443008,0.02772991768522925,0.8814120776803408
8410,0.7262350113825228,0.04536707437017248,0.22839791424730452
8411,0.5084572782079205,0.03302255373375455,0.45852016805832474
8412,0.7392143507690122,0.0307854246447641,0.23000022458622366
8413,0.2120967018416063,0.03384541369086827,0.7540578844675259
8414,0.8470053113590326,0.035996601859878415,0.11699808678108914
8415,0.4462624142392596,0.032754263975020396,0.5209833217857199
8416,0.8152373314289653,0.034434261545548496,0.15032840702548617
8417,0.7645519531632499,0.030049052891104534,0.20539899394564573
8418,0.7336899723036387,0.03379042447641041,0.2325196032199508
8419,0.15484341680957747,0.03908027269214026,0.8060763104982824
8420,0.7621494760032862,0.035709609737740004,0.20214091425897404
8421,0.26678449347464556,0.03858435743791858,0.694631149087436
8422,0.7888380583411921,0.0344428105864822,0.1767191310723257
8423,0.7271735403641807,0.04375967315370295,0.2290667864821163
8424,0.8114415003934566,0.036954197744488916,0.15160430186205429
8425,0.20892190489058532,0.03453880301545799,0.7565392920939568
8426,0.37539248398657304,0.04745053685671543,0.5771569791567116
8427,0.2796418979110447,0.03424068370443896,0.6861174183845163
8428,0.8856985836792299,0.03214619081467615,0.08215522550609407
8429,0.8793705128840182,0.02625960893886546,0.09436987817711626
8430,0.8559699166662224,0.04202108854417676,0.10200899478960102
8431,0.10769555121486055,0.04023431684437255,0.852070131940767
8432,0.5751640873886731,0.02922707566790091,0.395608836943426
8433,0.6134354144981569,0.04663169114830176,0.33993289435354146
8434,0.025938656916912082,0.05815758445872266,0.9159037586243653
8435,0.9140583569922476,0.008114634397061693,0.07782700861069079
8436,0.6280860854983351,0.03361784349889567,0.33829607100276926
8437,0.12595114627958454,0.04291472805343528,0.8311341256669803
8438,0.828787305074924,0.03749805988696495,0.1337146350381111
8439,0.3374367165154153,0.06299299941612224,0.5995702840684625
8440,0.6956678833835094,0.048766655415642894,0.25556546120084767
8441,0.8468360227491348,0.03473051037827311,0.11843346687259193
8442,0.8321442215556628,0.026670333976882985,0.1411854444674543
8443,0.8711616968557577,0.025747018931703093,0.10309128421253921
8444,0.6231677097727173,0.031091223312589164,0.34574106691469353
8445,0.8067036133725122,0.04552699411227192,0.14776939251521587
8446,0.8154902019192777,0.03170424566791514,0.1528055524128072
8447,0.22450475281667528,0.030743729604132207,0.7447515175791923
8448,0.869846539818054,0.03103440046012525,0.09911905972182058
8449,0.6452653775121713,0.045828677520772146,0.30890594496705676
8450,0.7657640712005322,0.039295504941249046,0.19494042385821855
8451,0.8147765158902864,0.03283257727884735,0.15239090683086634
8452,0.8895641195853918,0.02897148929612978,0.08146439111847824
8453,0.7273916389463971,0.03622710144994277,0.23638125960366
8454,0.8044054796553852,0.035437556905339146,0.16015696343927585
8455,0.8054116534225402,0.02560438204038448,0.16898396453707537
8456,0.7071445629002409,0.030402388624126225,0.2624530484756331
8457,0.7116595732748627,0.03492023048050233,0.25342019624463485
8458,0.8726744059072229,0.04367477216638759,0.08365082192638937
8459,0.7817519148070174,0.03543651329009868,0.18281157190288383
8460,0.826016369011034,0.03360446310783865,0.14037916788112725
8461,0.220639628042449,0.029142114251874175,0.7502182577056768
8462,0.8188973148643284,0.03366967572236969,0.14743300941330206
8463,0.5174352437532777,0.03939758988746406,0.44316716635925824
8464,0.783188283829231,0.04459968216724117,0.17221203400352778
8465,0.6641765560429013,0.0354039170211145,0.3004195269359841
8466,0.7163672638505384,0.04042152517721467,0.24321121097224702
8467,0.7557571897863463,0.034257111009691435,0.2099856992039622
8468,0.28459040642154365,0.04873460515500734,0.666674988423449
8469,0.46160665471485923,0.04374386693787121,0.4946494783472697
8470,0.6934071751766733,0.03365600192875624,0.27293682289457055
8471,0.8323712950498947,0.026774017538298094,0.14085468741180732
8472,0.4911802879640096,0.03647851253008621,0.4723411995059041
8473,0.8286345223097447,0.05092060499551163,0.12044487269474355
8474,0.5116532126856613,0.0307921648802754,0.45755462243406303
8475,0.14461917146571987,0.041408309035406106,0.8139725194988738
8476,0.8756124775501872,0.03012015685744327,0.09426736559236935
8477,0.28044104239714834,0.03716973530433329,0.6823892222985187
8478,0.8271380792827532,0.03212575941979741,0.1407361612974496
8479,0.8015570591164152,0.03323273236803858,0.16521020851554633
8480,0.8627648733485411,0.029246307516933724,0.10798881913452535
8481,0.8635642140694411,0.04049412495196511,0.09594166097859391
8482,0.5405492551576424,0.028476840568428037,0.4309739042739295
8483,0.0920699353096126,0.0727573810296104,0.8351726836607771
8484,0.791094120406437,0.03199857755249569,0.17690730204106767
8485,0.87242126688447,0.03562359535705485,0.09195513775847487
8486,0.13996774293519715,0.03654719544550333,0.8234850616192997
8487,0.16907248457446009,0.03641071477914458,0.7945168006463953
8488,0.8168535094493815,0.033919088426049446,0.1492274021245691
8489,0.8549447525410424,0.025227152597767397,0.11982809486119017
8490,0.3051119415155855,0.03699046829196659,0.6578975901924481
8491,0.5473318160515223,0.026875878496920653,0.42579230545155716
8492,0.8477865463350678,0.03484350422877853,0.11736994943615384
8493,0.8520659393332228,0.02246464046732521,0.12546942019945184
8494,0.2531602153479542,0.038756740697848645,0.7080830439541974
8495,0.7431300355244258,0.04647348222320622,0.21039648225236804
8496,0.693492562150234,0.0517164838226171,0.25479095402714885
8497,0.8790935549432811,0.029357308013268524,0.09154913704345047
8498,0.09812137784983431,0.03625475658982575,0.86562386556034
8499,0.803508973542654,0.03315310246783312,0.16333792398951313
8500,0.6461636893162962,0.04061358536615449,0.31322272531754947
8501,0.6751538140518148,0.029584507868388874,0.29526167807979625
8502,0.04742284337412893,0.032440119555022184,0.9201370370708489
8503,0.8684160468423363,0.044622942066708506,0.08696101109095515
8504,0.2704152046806591,0.037536319457458896,0.6920484758618818
8505,0.8577345896614236,0.02297990642598642,0.11928550391258992
8506,0.8133639740081128,0.03343667680253954,0.15319934918934786
8507,0.8521202660217044,0.03278527218325184,0.11509446179504364
8508,0.7386605096834996,0.03517591552502371,0.2261635747914767
8509,0.85056269261188,0.028264422533163875,0.12117288485495625
8510,0.7514721240905293,0.030155552834547482,0.21837232307492307
8511,0.7533640852746087,0.04124840996675928,0.20538750475863193
8512,0.12218390665424693,0.04523913221829992,0.8325769611274533
8513,0.7112506445178227,0.04330046006814337,0.2454488954140339
8514,0.4066234876519219,0.03031026746340948,0.5630662448846685
8515,0.8169217888446366,0.028912644229019013,0.1541655669263444
8516,0.2678296152665514,0.0579144325416306,0.6742559521918179
8517,0.6111962512946196,0.03305462969729936,0.35574911900808087
8518,0.7322156965761559,0.05107230613684847,0.2167119972869958
8519,0.8035468917624116,0.02466739993100655,0.1717857083065819
8520,0.857245903652645,0.04523931294741315,0.09751478339994182
8521,0.8507623076644407,0.03276810456083392,0.1164695877747252
8522,0.8423621754905365,0.032262008502246226,0.12537581600721728
8523,0.3228594480615264,0.026044283567949224,0.6510962683705243
8524,0.7710648948177035,0.045430573926778725,0.18350453125551772
8525,0.6511696482404312,0.031995331431912244,0.31683502032765637
8526,0.8181531126985631,0.03223716223036691,0.14960972507106998
8527,0.7352871161116711,0.04330434755361651,0.22140853633471233
8528,0.7944596532479822,0.02018932888529102,0.18535101786672692
8529,0.8326536687873096,0.028356815548324563,0.13898951566436565
