id,Status_C,Status_CL,Status_D
7905,0.39624643940186843,0.01513731023636538,0.5886162503617661
7906,0.6468514102499459,0.25399878372317775,0.09914980602687641
7907,0.05008187863136448,0.006429606776090623,0.9434885145925448
7908,0.9562488251066347,0.003410282876143421,0.04034089201722192
7909,0.8711694092058941,0.027709875181470958,0.1011207156126349
7910,0.9896607153847935,0.0017344683737682892,0.008604816241438261
7911,0.9574682405089692,0.005326923972774556,0.03720483551825634
7912,0.16092859732961182,0.02113461193580745,0.8179367907345806
7913,0.003998986931144746,0.0008411636445386047,0.9951598494243166
7914,0.8068863395865009,0.018655418920471307,0.17445824149302785
7915,0.8977472979115255,0.004538841704261866,0.09771386038421262
7916,0.8732849561722995,0.003837432987598972,0.1228776108401015
7917,0.4633288526265486,0.06574984873153367,0.47092129864191773
7918,0.843856467891508,0.013502025606780392,0.14264150650171153
7919,0.8491628296031136,0.024205309612960933,0.12663186078392538
7920,0.933994242645215,0.013591539907316418,0.05241421744746865
7921,0.9301035521118433,0.0071820970619068175,0.06271435082625001
7922,0.04345766596798708,0.00586706939282698,0.950675264639186
7923,0.9431322378883781,0.004152579237068769,0.052715182874553033
7924,0.6593135356712942,0.14423440438211574,0.1964520599465902
7925,0.010657031453833737,0.0009381483654436917,0.9884048201807225
7926,0.8716134479987551,0.0028323062673943373,0.12555424573385068
7927,0.8176821930839719,0.018748495986415762,0.16356931092961227
7928,0.10373559378485778,0.00415075043005999,0.8921136557850822
7929,0.9372819442224631,0.015107144904850522,0.047610910872686284
7930,0.12762432698113083,0.14071060409676758,0.7316650689221016
7931,0.9207270551899369,0.011886124011912863,0.06738682079815024
7932,0.3251525229195285,0.017629287395770646,0.6572181896847008
7933,0.5689150985326225,0.03530828032199757,0.39577662114538
7934,0.969374798149041,0.002847425990796582,0.027777775860162383
7935,0.9857717517673719,0.0017037335380651795,0.012524514694563112
7936,0.886568902306075,0.04891726055418188,0.06451383713974312
7937,0.48571321381754984,0.010965604253188951,0.5033211819292612
7938,0.9264869851339463,0.007416012196335575,0.06609700266971798
7939,0.43334977958667703,0.05171303859070235,0.5149371818226206
7940,0.6187553488615732,0.05578080721677408,0.3254638439216528
7941,0.12204140080012943,0.035782899269516825,0.8421756999303537
7942,0.8570583555570203,0.010115644271827436,0.13282600017115218
7943,0.14225281468676357,0.013259082074068333,0.8444881032391681
7944,0.9890979068007296,0.0014561465859432399,0.009445946613327023
7945,0.8984880131881116,0.002273039336725747,0.09923894747516264
7946,0.9160908684879187,0.015031878618894132,0.06887725289318718
7947,0.7583069084317705,0.007644439478823898,0.23404865208940573
7948,0.26389503090387156,0.02152042682295984,0.7145845422731686
7949,0.04200733266778952,0.06622859892866254,0.8917640684035479
7950,0.9467887775569539,0.0016337885940827456,0.051577433848963176
7951,0.4465753901347996,0.11462279749456886,0.4388018123706316
7952,0.45438782412538153,0.07502405654315242,0.4705881193314661
7953,0.013031775423569467,0.0012633909489943782,0.9857048336274362
7954,0.95607667456865,0.003149425063057989,0.04077390036829205
7955,0.2703747250078865,0.013660645369001337,0.7159646296231122
7956,0.023613936535071812,0.010635708892846178,0.965750354572082
7957,0.8641628639919503,0.02293134050229739,0.11290579550575232
7958,0.014338225958146489,0.005274290526559753,0.9803874835152937
7959,0.14445024142554957,0.015035677550567016,0.8405140810238835
7960,0.043687769663973613,0.03475079340878862,0.9215614369272378
7961,0.9549254541023494,0.003172475510036271,0.041902070387614274
7962,0.1256290070110268,0.0017207493310645073,0.8726502436579087
7963,0.09792494904871288,0.048686719658034734,0.8533883312932524
7964,0.023865949663644758,0.018784426922847198,0.957349623413508
7965,0.9759495157563285,0.007164740381144462,0.016885743862527114
7966,0.3991214282117601,0.013581753013042439,0.5872968187751975
7967,0.9562357933253282,0.014800569307643043,0.02896363736702881
7968,0.9386611288155281,0.0012190604703807492,0.06011981071409103
7969,0.3801716995117289,0.00883980314595562,0.6109884973423154
7970,0.8190715437541398,0.002902966889808491,0.1780254893560517
7971,0.9665065241782982,0.001974295165471546,0.03151918065623023
7972,0.4707362239375156,0.3850346818923595,0.14422909417012483
7973,0.9748694636287236,0.0028885164589301585,0.022242019912346353
7974,0.20082738406283124,0.016375164556430444,0.7827974513807383
7975,0.9461620167524777,0.005256233454140059,0.04858174979338223
7976,0.8793240023564489,0.010062178081564784,0.1106138195619863
7977,0.9266761069147217,0.019391021316320697,0.05393287176895752
7978,0.02500703452969014,0.0027765619728754255,0.9722164034974345
7979,0.39709771208479516,0.060268134242927145,0.5426341536722776
7980,0.9668525859439513,0.0021224108375609806,0.031025003218487845
7981,0.7548280087015243,0.025960927310943297,0.21921106398753218
7982,0.7169035459667887,0.00500446199790981,0.27809199203530144
7983,0.8764476114552633,0.02929875128152433,0.09425363726321238
7984,0.10406391165074269,0.051731692328656785,0.8442043960206005
7985,0.5719608064854431,0.01757152318199525,0.41046767033256165
7986,0.17107487795243198,0.41053326184176253,0.41839186020580543
7987,0.6290120953979518,0.020073625712874493,0.35091427888917365
7988,0.7913146845870359,0.012021269496819727,0.1966640459161443
7989,0.9626319641561004,0.00937108298602732,0.027996952857872355
7990,0.22997252125264406,0.0075409734202053266,0.7624865053271507
7991,0.060792613321312396,0.01638455878957867,0.922822827889109
7992,0.9291399773884936,0.013100404194351456,0.05775961841715475
7993,0.937743442575137,0.008402280857970647,0.05385427656689245
7994,0.9658557742711555,0.004954911502141909,0.029189314226702495
7995,0.7209971264798647,0.015053792287359634,0.2639490812327758
7996,0.02332255424393813,0.012295745310177733,0.9643817004458842
7997,0.9484824178894213,0.010808143764578134,0.040709438346000534
7998,0.0026501060461893975,0.000612113365550873,0.9967377805882598
7999,0.0015339904885705116,0.002363436977536263,0.9961025725338932
8000,0.8861033671796481,0.01665941163689417,0.09723722118345778
8001,0.8984879188378073,0.008814342794172562,0.09269773836802009
8002,0.42096415312381275,0.2579579670641513,0.3210778798120361
8003,0.6485053768487467,0.06094378632467817,0.29055083682657523
8004,0.24038643996331183,0.01995408029432939,0.7396594797423588
8005,0.951160715417765,0.0036942712503912267,0.04514501333184377
8006,0.7704330077218816,0.11915473676075945,0.11041225551735895
8007,0.8159102409948664,0.022729308622461645,0.16136045038267188
8008,0.9742152945391703,0.005189483621072954,0.020595221839756792
8009,0.8025345358802596,0.030541303543354856,0.16692416057638568
8010,0.9231581462543198,0.005501548836851137,0.07134030490882909
8011,0.9245636446576327,0.0040565834403865,0.07137977190198068
8012,0.851430267027798,0.006350968230338702,0.1422187647418633
8013,0.06093735202818961,0.01262409653473374,0.9264385514370767
8014,0.9621718397712961,0.01786326091460638,0.019964899314097548
8015,0.9214678549479628,0.010081127491382475,0.06845101756065484
8016,0.9875190181967476,0.0023798035759626697,0.010101178227289889
8017,0.5524485703348729,0.004146987124963646,0.4434044425401634
8018,0.8877043578118889,0.021480211975164382,0.09081543021294652
8019,0.9760696373885023,0.01079720750551957,0.013133155105978253
8020,0.810497570907348,0.007915531959389575,0.18158689713326245
8021,0.08688330376972529,0.0036736517502297295,0.909443044480045
8022,0.06833761041019819,0.01235877808172075,0.9193036115080812
8023,0.6216637451917925,0.05218554713776837,0.3261507076704391
8024,0.9879615487620134,0.0009538237566252746,0.011084627481361192
8025,0.20164193931690164,0.013388783525239145,0.7849692771578591
8026,0.9626835482887112,0.003146885931427259,0.03416956577986159
8027,0.9762478594628937,0.004717658356565442,0.019034482180540952
8028,0.0246557044473198,0.013773714045490089,0.9615705815071902
8029,0.09464461646459676,0.016659495394476538,0.8886958881409268
8030,0.9947630795166451,0.0014436362873051004,0.003793284196049671
8031,0.9174261832472623,0.03692271063952214,0.045651106113215524
8032,0.8297761008705011,0.0037490945373360595,0.1664748045921628
8033,0.18169140110152338,0.043269230259975304,0.7750393686385013
8034,0.45496886378935003,0.029102336885565096,0.5159287993250848
8035,0.9463163797087221,0.00821917992309175,0.04546444036818639
8036,0.3641080272283772,0.6270405290908472,0.008851443680775697
8037,0.31440690022723494,0.17196867715568204,0.5136244226170831
8038,0.8318781562285632,0.04055163899458464,0.1275702047768521
8039,0.018947999805329727,0.022068235071571206,0.958983765123099
8040,0.6106819696809499,0.06787738492728737,0.3214406453917628
8041,0.4169469172958124,0.019351923393028676,0.5637011593111589
8042,0.07413103062533902,0.012814997791813838,0.9130539715828471
8043,0.926759721727418,0.005189886218123392,0.0680503920544586
8044,0.030944588768187342,0.0019945199537940842,0.9670608912780186
8045,0.3032737996570083,0.12427109520193898,0.5724551051410527
8046,0.8684689880805236,0.005410514745247993,0.1261204971742283
8047,0.9261637706188495,0.016428681481437384,0.05740754789971329
8048,0.9138627815340803,0.005820745827363228,0.08031647263855658
8049,0.8151437509243153,0.08769359574091906,0.09716265333476558
8050,0.19611332472188311,0.010335864752312357,0.7935508105258045
8051,0.14705523421279465,0.015041578123878664,0.8379031876633267
8052,0.9756896849708254,0.0041823612316671125,0.02012795379750737
8053,0.08751203512477698,0.021259919112370386,0.8912280457628526
8054,0.8191260817492729,0.008172303667749294,0.17270161458297772
8055,0.5217469832835252,0.060849500147910934,0.4174035165685639
8056,0.8988449866191287,0.014783913643138025,0.08637109973773321
8057,0.7790665439439852,0.0031132073834252514,0.21782024867258962
8058,0.9175462573404265,0.05392729928739424,0.02852644337217932
8059,0.6531625911603831,0.009781685985472034,0.33705572285414487
8060,0.13053893727157212,0.3969038779401482,0.47255718478827974
8061,0.3799311400610057,0.043263945687518415,0.576804914251476
8062,0.08772502362344593,0.010121232438457577,0.9021537439380963
8063,0.9509205132582536,0.004940498492616679,0.04413898824912976
8064,0.029489783638396126,0.020461834497540618,0.9500483818640632
8065,0.729005706959694,0.012167171316599924,0.25882712172370603
8066,0.9781068635346056,0.0040490038781671,0.01784413258722731
8067,0.025565419060070815,0.04099085025666621,0.9334437306832629
8068,0.9316888108714809,0.008238718638744145,0.060072470489774876
8069,0.9238678498827102,0.015040420761614114,0.061091729355675646
8070,0.9401779583757777,0.008705688725197534,0.051116352899024796
8071,0.7114517590942866,0.02535476841252892,0.2631934724931844
8072,0.9297086381794101,0.009848092493827397,0.06044326932676247
8073,0.8900450365137924,0.009490960879866384,0.10046400260634117
8074,0.9493603949107082,0.012001446874184247,0.038638158215107396
8075,0.9740533765261062,0.007791418965241688,0.018155204508652177
8076,0.963439484016217,0.009540112192724989,0.02702040379105803
8077,0.10516771542035104,0.26528188455694773,0.6295504000227012
8078,0.18782783816611465,0.034510805032590824,0.7776613568012946
8079,0.8525039389380745,0.002780474420220118,0.14471558664170533
8080,0.8806723050241866,0.005029436042993752,0.11429825893281959
8081,0.9856558998213888,0.0011649741390738714,0.013179126039537453
8082,0.8317842647551635,0.013168225961182601,0.155047509283654
8083,0.39262696615713755,0.041333435643371226,0.5660395981994912
8084,0.034214271383439986,0.002687770403386685,0.9630979582131732
8085,0.985940712120787,0.004061024419924212,0.00999826345928872
8086,0.0021274012642322707,0.0009376931427713119,0.9969349055929965
8087,0.6909536766036277,0.03114774139186554,0.2778985820045068
8088,0.2811249303526727,0.005806921736729166,0.713068147910598
8089,0.1486775937333295,0.004169208180907671,0.8471531980857627
8090,0.10583875108321072,0.02109982188660761,0.8730614270301816
8091,0.9753276255437064,0.004281698053323799,0.020390676402969626
8092,0.017734351170620884,0.0031864702555822314,0.9790791785737969
8093,0.967850596945623,0.012809191431135812,0.01934021162324113
8094,0.3557616654793221,0.11365490877617959,0.5305834257444983
8095,0.6791349210056224,0.053183951593377916,0.26768112740099975
8096,0.3093613353047308,0.01856548804575622,0.6720731766495129
8097,0.12421608536829976,0.02746692071508585,0.8483169939166144
8098,0.8839057316184245,0.016842431857229844,0.09925183652434573
8099,0.7467822242589103,0.004523080839457245,0.24869469490163243
8100,0.06944260632218616,0.011632150322929292,0.9189252433548846
8101,0.2745101658751426,0.08341414704360668,0.6420756870812507
8102,0.6243794944873671,0.11858431262684002,0.2570361928857929
8103,0.3635203619369248,0.1060956468623703,0.5303839912007049
8104,0.4957527080748222,0.13921129957682268,0.36503599234835515
8105,0.015200697416119489,0.003088253686375947,0.9817110488975045
8106,0.9113546925807053,0.0038603028646024664,0.08478500455469233
8107,0.014159498009691372,0.00990123423347933,0.9759392677568294
8108,0.8751657989072908,0.022456530473088383,0.10237767061962083
8109,0.5579932338124037,0.002286350729254843,0.4397204154583414
8110,0.9811064782222222,0.012735020726431881,0.0061585010513458245
8111,0.7012002893598198,0.07389676605221279,0.22490294458796736
8112,0.8176024050361442,0.02082847561004386,0.16156911935381202
8113,0.012955924327822185,0.02148014712789579,0.965563928544282
8114,0.04352900560929186,0.05403540985148634,0.9024355845392219
8115,0.9220289846216891,0.0035618052030207997,0.07440921017529002
8116,0.8575887424071734,0.023811704737509716,0.11859955285531695
8117,0.28044669128064975,0.08029873911061258,0.6392545696087377
8118,0.7428123020074868,0.03607520755498644,0.22111249043752676
8119,0.4693294670206789,0.04805400641087513,0.48261652656844584
8120,0.9707026109985204,0.008555113119544686,0.02074227588193493
8121,0.5202752979961707,0.11893250126116102,0.3607922007426683
8122,0.9877794222967846,0.0011088730999688553,0.011111704603246503
8123,0.9730166395462788,0.0015170050518766907,0.025466355401844536
8124,0.3836761698651074,0.19115376987652088,0.42517006025837184
8125,0.779556776910836,0.021188399979000648,0.19925482311016343
8126,0.8987901222782828,0.0072167602499126635,0.09399311747180443
8127,0.129990995519692,0.039541357901142986,0.8304676465791649
8128,0.5589517123295414,0.06215861165043992,0.3788896760200188
8129,0.9658853139356933,0.022050325626768386,0.012064360437538372
8130,0.7718516860476613,0.05750491976653803,0.1706433941858007
8131,0.03208530043120358,0.016624768623913076,0.9512899309448832
8132,0.8863830761591739,0.04606552855959683,0.06755139528122919
8133,0.9732684823650366,0.006558892666411786,0.02017262496855155
8134,0.6487925776902936,0.04996097010264865,0.3012464522070576
8135,0.03417254832712494,0.006385590739188168,0.9594418609336869
8136,0.007553818210459002,0.0016499543971029923,0.9907962273924379
8137,0.15091700273324818,0.003995398630511764,0.8450875986362401
8138,0.21185963948594896,0.019783596859690982,0.76835676365436
8139,0.0884978600341298,0.007228011595688926,0.9042741283701813
8140,0.8637609338541268,0.018364791319775958,0.11787427482609707
8141,0.972880760704764,0.0050193637716749095,0.022099875523561147
8142,0.9293523500884961,0.05561384948917086,0.015033800422333089
8143,0.7494630280134796,0.21602807013556224,0.034508901850958014
8144,0.276209422961608,0.10287823204003217,0.6209123449983598
8145,0.9504483277606846,0.004526108071709446,0.0450255641676062
8146,0.8692883662373613,0.0034170575629411163,0.1272945761996977
8147,0.4288841771178215,0.020777677711364507,0.5503381451708139
8148,0.7976290760961012,0.0042205507958804345,0.19815037310801825
8149,0.9708575512204725,0.004635981292599156,0.024506467486928266
8150,0.9545687028080796,0.0037473846598451684,0.04168391253207526
8151,0.08793653606322796,0.017719038673462768,0.8943444252633094
8152,0.9794313563924586,0.0027157634490874924,0.017852880158453942
8153,0.9397563992916754,0.005861300536560475,0.054382300171764084
8154,0.8445358724487261,0.047441814000007694,0.10802231355126608
8155,0.058098036577965265,0.025661413909746685,0.916240549512288
8156,0.9743064756907579,0.0066102752933781825,0.019083249015863963
8157,0.9169395228670296,0.016058567942485107,0.0670019091904853
8158,0.9632154077757378,0.008934024160716614,0.027850568063545484
8159,0.25024582278552815,0.15726880802809143,0.5924853691863804
8160,0.7045295378606392,0.045958131156089925,0.24951233098327086
8161,0.8739608529067265,0.024191114512634757,0.10184803258063851
8162,0.21882987001656923,0.344584870602493,0.4365852593809378
8163,0.14234804431391065,0.015114308292900046,0.8425376473931894
8164,0.6915657277859354,0.1409995168292274,0.1674347553848372
8165,0.08650729064929599,0.008750298391953364,0.9047424109587506
8166,0.5809065756660726,0.010285199741592407,0.4088082245923349
8167,0.4106296120721017,0.07452698588170525,0.514843402046193
8168,0.7168390360795603,0.010631512098170101,0.2725294518222695
8169,0.9257128418757695,0.0011963658069622165,0.07309079231726816
8170,0.46492673706720555,0.03689367708949032,0.49817958584330424
8171,0.008043900438910817,0.0020158752914936164,0.9899402242695956
8172,0.01559710393618181,0.032260261336525854,0.9521426347272923
8173,0.7717728197496454,0.008053559091756127,0.22017362115859843
8174,0.9734459115898362,0.001990979254472002,0.024563109155691727
8175,0.9833573869019557,0.0044499377153206085,0.01219267538272368
8176,0.8542916969028975,0.004919904214462037,0.14078839888264036
8177,0.11821192765836193,0.04750175380212799,0.8342863185395102
8178,0.7425581533673108,0.11521049696104617,0.14223134967164308
8179,0.8803007993206308,0.01514659473923536,0.10455260594013377
8180,0.5361113957507773,0.18123597575997738,0.2826526284892454
8181,0.2608341827466736,0.029334519563316456,0.70983129769001
8182,0.9632377175430713,0.0011667977817483492,0.035595484675180304
8183,0.30596175145092663,0.012822663948870869,0.6812155846002025
8184,0.8967515753945281,0.018287178396157035,0.08496124620931467
8185,0.9803771779396057,0.005086260688351033,0.014536561372043256
8186,0.8933839705009817,0.014785659403970414,0.09183037009504784
8187,0.23335744503201822,0.024572659560989998,0.7420698954069918
8188,0.9273408324936349,0.00812409155067595,0.06453507595568918
8189,0.20624830561499471,0.050672749803978685,0.7430789445810266
8190,0.10103690907411213,0.47665297269731294,0.42231011822857495
8191,0.9789292385648504,0.00190330095531048,0.019167460479839128
8192,0.9393255356242075,0.0034307865931185555,0.057243677782673946
8193,0.9565118269909576,0.0015309516932980984,0.04195722131574426
8194,0.7827228307944499,0.16554161566375916,0.051735553541790845
8195,0.7872833073201312,0.00634290880364024,0.20637378387622868
8196,0.9133314872997423,0.004040050081125504,0.08262846261913225
8197,0.8530935986387489,0.006087044517057642,0.14081935684419342
8198,0.49672024048931046,0.022688543627047583,0.4805912158836419
8199,0.9573460512148644,0.009156335090855835,0.033497613694279844
8200,0.9789662894231826,0.006921055394409192,0.01411265518240817
8201,0.0242775853256137,0.004498211604680031,0.9712242030697064
8202,0.3304280045765798,0.03380751636101224,0.635764479062408
8203,0.946935320975589,0.004790536857500263,0.04827414216691066
8204,0.17674188671991625,0.05789083596638798,0.7653672773136959
8205,0.9653733040840643,0.0015009786097576498,0.03312571730617804
8206,0.24025845428493958,0.009423802802504811,0.7503177429125556
8207,0.9392801168052594,0.004961772394745236,0.055758110799995333
8208,0.05133187440559227,0.0790428758691002,0.8696252497253075
8209,0.2705671168937367,0.0337614320677617,0.6956714510385017
8210,0.8971777996535719,0.0030822108392018566,0.09973998950722622
8211,0.3285140154673107,0.09052809426253206,0.5809578902701573
8212,0.9370044873381015,0.0025061969052571228,0.06048931575664126
8213,0.9444803246435511,0.013887672786093432,0.04163200257035543
8214,0.0328883608007393,0.01010156023370028,0.9570100789655603
8215,0.9037554410082342,0.0878365232164765,0.008408035775289228
8216,0.9308270983414397,0.007708087202823013,0.06146481445573715
8217,0.5642602632933312,0.03536141165032002,0.4003783250563487
8218,0.09414983073213876,0.01296200195495644,0.8928881673129048
8219,0.9815249547002394,0.01029350009380433,0.008181545205956271
8220,0.9584505996755371,0.004741670453648268,0.0368077298708148
8221,0.47340168884682304,0.006017096380177257,0.5205812147729997
8222,0.5150416891820241,0.03138646458268001,0.45357184623529595
8223,0.8257856314853711,0.0637757098533764,0.1104386586612525
8224,0.32255142478875615,0.07742989908235609,0.6000186761288878
8225,0.10437301714437991,0.03666927606175713,0.8589577067938631
8226,0.011860386507010434,0.0010360683046672522,0.9871035451883222
8227,0.9909674042270568,0.0013758061453091382,0.007656789627634105
8228,0.9121782995593591,0.007880123138443182,0.07994157730219763
8229,0.12366954603506368,0.022282477335042027,0.8540479766298942
8230,0.6337915834078501,0.019479628164350768,0.34672878842779914
8231,0.655410638440854,0.30615329513847583,0.03843606642067011
8232,0.6958756761072791,0.02435116633003365,0.27977315756268734
8233,0.07156763373416053,0.009788855817200322,0.9186435104486392
8234,0.9801287115954255,0.0032292314093252555,0.016642056995249226
8235,0.4264532661427143,0.07550466753560178,0.49804206632168385
8236,0.21166681312130695,0.05022787824309651,0.7381053086355965
8237,0.9440604305422797,0.026148645614532368,0.029790923843187857
8238,0.4216047492270202,0.01818428938480895,0.5602109613881708
8239,0.04871004249035737,0.01772908554042305,0.9335608719692197
8240,0.8708603023916636,0.03145154179773958,0.0976881558105968
8241,0.023625875494384396,0.0027930363850420825,0.9735810881205734
8242,0.82807379169309,0.0071417173346444976,0.16478449097226544
8243,0.7299194210196324,0.09510642102309426,0.17497415795727336
8244,0.9908081598346578,0.0004608485562443865,0.008730991609097922
8245,0.9584648946420471,0.008877019556518153,0.032658085801434866
8246,0.38313572678844976,0.010326956902071641,0.6065373163094786
8247,0.963166182173225,0.008643560529352482,0.028190257297422458
8248,0.9737731307031849,0.005507956446136309,0.02071891285067869
8249,0.8573829216857686,0.006855047306998924,0.13576203100723255
8250,0.9198091960241833,0.020007606236234522,0.060183197739582125
8251,0.8525890461791542,0.004119975219917788,0.14329097860092802
8252,0.8102938623900953,0.03723274229348774,0.1524733953164171
8253,0.9079485093540433,0.007526266109403807,0.08452522453655283
8254,0.597635335976034,0.013617511509072117,0.38874715251489395
8255,0.38711416468505394,0.04723515341007373,0.5656506819048723
8256,0.6945454318690797,0.03675972557366767,0.2686948425572527
8257,0.6919147197629568,0.17912335773459828,0.1289619225024448
8258,0.004218736298316952,0.0006784132474751336,0.9951028504542079
8259,0.06773413389756469,0.023659742802546468,0.9086061232998888
8260,0.9462997235998977,0.004297407987358215,0.04940286841274396
8261,0.922828652223013,0.01895926150988739,0.05821208626709962
8262,0.8343363559608652,0.0098820811191063,0.15578156292002848
8263,0.7663689619186373,0.14461278513545595,0.08901825294590685
8264,0.8872503171864526,0.004778216106631151,0.10797146670691629
8265,0.8656454508404757,0.04936828172776063,0.0849862674317637
8266,0.006154418914655007,0.0007192699724016915,0.9931263111129434
8267,0.9490050526389389,0.0030921314188856242,0.047902815942175415
8268,0.8425633320717425,0.005681335695520143,0.15175533223273718
8269,0.9008683115334266,0.004577690549681336,0.094553997916892
8270,0.43948664996361675,0.053641044867158656,0.5068723051692245
8271,0.9592822618777468,0.0274499807841338,0.013267757338119352
8272,0.9542783328526238,0.0015366907886843928,0.04418497635869165
8273,0.9057286433934112,0.03812773572385413,0.05614362088273485
8274,0.8626254261982587,0.015003092173644528,0.12237148162809677
8275,0.2043020860486736,0.0763858107399505,0.719312103211376
8276,0.2752680306190257,0.012542038336686807,0.7121899310442875
8277,0.9584894611364304,0.008001094140173946,0.03350944472339548
8278,0.8001569169778925,0.010144150621025095,0.1896989324010826
8279,0.7269730993148108,0.003995622152771179,0.26903127853241793
8280,0.024427740424678608,0.020216255144884017,0.9553560044304374
8281,0.436393501857798,0.04525879417494494,0.518347703967257
8282,0.9516907463796811,0.013938852483329722,0.03437040113698911
8283,0.821731853955918,0.003951983172434854,0.1743161628716471
8284,0.9036996271516625,0.0259733094639332,0.0703270633844044
8285,0.2614977244984239,0.028149768623777566,0.7103525068777985
8286,0.9790210991825258,0.007698690963353223,0.013280209854120996
8287,0.7187554163326705,0.005435418814213814,0.2758091648531157
8288,0.9911434315956635,0.002717233688648899,0.006139334715687503
8289,0.30968101713391016,0.04682586598310149,0.6434931168829883
8290,0.5041208148108289,0.034946687271655764,0.4609324979175153
8291,0.3013521241070851,0.007520106651856658,0.6911277692410582
8292,0.9003829460304826,0.019464569150017912,0.08015248481949962
8293,0.9602382400827717,0.002034497772861014,0.03772726214436743
8294,0.9273546260952719,0.00630110128942881,0.06634427261529935
8295,0.9316132902076744,0.015199647538171018,0.053187062254154635
8296,0.6143315303562807,0.07083292823259486,0.3148355414111244
8297,0.8697546084613953,0.026180346197618432,0.10406504534098632
8298,0.947103797626647,0.016939767242162534,0.03595643513119061
8299,0.880205084232185,0.03791714398555584,0.0818777717822591
8300,0.8234218439704521,0.004416389863783973,0.17216176616576387
8301,0.7457523060193557,0.03339752419722565,0.22085016978341865
8302,0.20054689719732918,0.01685152766836878,0.7826015751343021
8303,0.9205067515290358,0.0022592659371636218,0.0772339825338006
8304,0.015511067282610492,0.011943513763071305,0.9725454189543182
8305,0.9380216069173507,0.02750335087465045,0.034475042207999025
8306,0.9479859790532504,0.002692010431591978,0.0493220105151576
8307,0.024268071342392228,0.003855647870725563,0.9718762807868823
8308,0.6278949379962112,0.0014310610856611223,0.3706740009181277
8309,0.04204235655040442,0.006934156582963235,0.9510234868666324
8310,0.8777604269867005,0.017454646628252732,0.10478492638504666
8311,0.8143904442564509,0.006198204625288099,0.1794113511182611
8312,0.985970383555332,0.0057396252695262485,0.008289991175141712
8313,0.9853387908061969,0.005697763385864589,0.008963445807938637
8314,0.9830545148504035,0.002588048628881056,0.014357436520715324
8315,0.9169745665703561,0.03279023419227435,0.05023519923736959
8316,0.8819673828621055,0.01267464170150037,0.10535797543639402
8317,0.74716643000726,0.04017878473513527,0.21265478525760467
8318,0.6454827711286089,0.10299220542489972,0.2515250234464915
8319,0.012646894710187203,0.015029138032266123,0.9723239672575468
8320,0.7248567371951917,0.00950743419141783,0.2656358286133904
8321,0.6851618888168581,0.018949014268786174,0.2958890969143557
8322,0.2791600796106419,0.03905051466978173,0.6817894057195765
8323,0.012488927682178203,0.00346445695802249,0.9840466153597992
8324,0.0371713282207705,0.0044871597888533465,0.9583415119903762
8325,0.9824718748003348,0.010546638790897343,0.006981486408767641
8326,0.9587986176328097,0.01285512572975282,0.02834625663743754
8327,0.9777510559969143,0.0014637574429898132,0.02078518656009578
8328,0.018200338801662108,0.00223651155623318,0.9795631496421048
8329,0.990469369093503,0.0027069944056093715,0.006823636500887778
8330,0.3146977059550438,0.06814222777536393,0.6171600662695923
8331,0.9764291469488822,0.0022028435143523132,0.02136800953676545
8332,0.50321217490994,0.08274724966151786,0.41404057542854217
8333,0.8859278867202984,0.003217231025588007,0.11085488225411351
8334,0.876984346202442,0.007230295370528437,0.11578535842702962
8335,0.9334492239902239,0.003436782347103759,0.06311399366267234
8336,0.18754543339958818,0.01035917351363053,0.8020953930867813
8337,0.5244953190112794,0.02004713929398765,0.4554575416947329
8338,0.9349450449960994,0.009185247569836855,0.05586970743406378
8339,0.32356145703247585,0.19336704491681994,0.4830714980507041
8340,0.95690297140323,0.009117614319040467,0.03397941427772965
8341,0.8446157277695221,0.018919465511674297,0.13646480671880368
8342,0.9736694698706309,0.0034709665160321426,0.022859563613337183
8343,0.6612009222124483,0.013014934910433205,0.32578414287711843
8344,0.139102775884295,0.037875811930359986,0.8230214121853451
8345,0.984002937102267,0.002309297765905828,0.013687765131827154
8346,0.7490681794736425,0.009613783322815449,0.24131803720354214
8347,0.5551986181258693,0.04156707877644532,0.4032343030976853
8348,0.33933899849673993,0.016338800162260227,0.6443222013409998
8349,0.9689611553841512,0.001440191840013261,0.02959865277583558
8350,0.3729041395605074,0.01259871660483689,0.6144971438346557
8351,0.8705351442666017,0.008585192447003023,0.12087966328639521
8352,0.984721988610567,0.0022447301302438833,0.013033281259189011
8353,0.023694304501782813,0.0007569016205744086,0.9755487938776427
8354,0.024001568686117854,0.11052716890060077,0.8654712624132813
8355,0.9744966235096465,0.005612815755903877,0.019890560734449655
8356,0.9423791373174547,0.005350431689517393,0.05227043099302769
8357,0.14416219283156387,0.009249602075376874,0.8465882050930593
8358,0.014875356050795081,0.008804604590603116,0.9763200393586018
8359,0.9800898066758428,0.001896288502855282,0.01801390482130187
8360,0.6625867690675185,0.01071581020129432,0.32669742073118724
8361,0.3344488873102598,0.004009312783605626,0.6615417999061345
8362,0.8856987905481163,0.0352151143716915,0.07908609508019215
8363,0.3384190080268123,0.007466981243291758,0.654114010729896
8364,0.9567096474856779,0.007139085006796162,0.03615126750752592
8365,0.9295877582067389,0.006135828059104643,0.06427641373415652
8366,0.6338156399953532,0.004583659720735999,0.36160070028391084
8367,0.9435816063584076,0.018941417965058265,0.037476975676534165
8368,0.9178745372596119,0.009865429360485282,0.07226003337990279
8369,0.5224802697307932,0.017743804084564312,0.45977592618464247
8370,0.8531776477234263,0.007031851520634009,0.13979050075593966
8371,0.8140482983680887,0.031555995246055124,0.15439570638585615
8372,0.0025154973625202614,0.0013810178847801504,0.9961034847526996
8373,0.01988989088154255,0.011826558722781324,0.9682835503956762
8374,0.35731682552529614,0.008234307608426581,0.6344488668662772
8375,0.9699673808265201,0.011414566322982798,0.01861805285049719
8376,0.044396224202017935,0.01084129157444956,0.9447624842235326
8377,0.8305179999681603,0.026688025634588497,0.14279397439725122
8378,0.7307429434426854,0.10485258046197145,0.1644044760953431
8379,0.9297168961428929,0.008780348271962798,0.06150275558514424
8380,0.6799411128268494,0.0030273595873741435,0.3170315275857765
8381,0.9499229687820684,0.016265858877932433,0.03381117233999937
8382,0.7307168250461605,0.0023174401598711953,0.2669657347939683
8383,0.9693926641111134,0.004700083814566976,0.025907252074319452
8384,0.946987305818631,0.002098455287719898,0.050914238893649114
8385,0.15799664369053842,0.043068137670366935,0.7989352186390946
8386,0.5916211606239116,0.02437157393692944,0.3840072654391589
8387,0.9895657798963161,0.0013176154266299853,0.009116604677053967
8388,0.5386394870185195,0.02265414539073604,0.4387063675907445
8389,0.7043301806016901,0.10135125235298482,0.19431856704532519
8390,0.07164031280986322,0.008321962372219023,0.9200377248179177
8391,0.8731329370138463,0.026136111535319688,0.10073095145083394
8392,0.7971148275390222,0.027963384169295676,0.17492178829168223
8393,0.9865722184983287,0.0014406756758683214,0.011987105825803014
8394,0.6539695378106065,0.02388989719450319,0.32214056499489035
8395,0.19995223652759772,0.020618469544588926,0.7794292939278133
8396,0.8310988392529065,0.006907974637662935,0.16199318610943067
8397,0.9117769669239968,0.007565381606912316,0.08065765146909089
8398,0.9586553115401397,0.007870544431177696,0.03347414402868252
8399,0.8776726150037741,0.0688715016773961,0.0534558833188297
8400,0.006546684287796992,0.002810711341711147,0.9906426043704919
8401,0.5792850740970574,0.14353852827349392,0.2771763976294488
8402,0.27206371925026335,0.06042308637722115,0.6675131943725154
8403,0.02756229403994197,0.0968647648665749,0.8755729410934832
8404,0.648254707864589,0.003825665403501982,0.347919626731909
8405,0.17879971745018677,0.009396883239476142,0.8118033993103372
8406,0.8483918318930488,0.004871302809582079,0.14673686529736918
8407,0.9598621396345123,0.006454971652921615,0.033682888712566084
8408,0.8062139445704788,0.022552031749285485,0.1712340236802358
8409,0.09875596877162873,0.004290401506208606,0.8969536297221626
8410,0.4443526230019151,0.2117904668736306,0.3438569101244543
8411,0.9041974166835968,0.022701816484663906,0.07310076683173933
8412,0.011215229671564781,0.002005163758134957,0.9867796065703004
8413,0.01654405056328552,0.0089034174820167,0.9745525319546977
8414,0.9492750259348377,0.0028112751696674743,0.047913698895494836
8415,0.8832996426688668,0.03418575340450213,0.08251460392663096
8416,0.9257429754397126,0.013019188658175562,0.0612378359021118
8417,0.6550836976795211,0.017177593559139396,0.3277387087613394
8418,0.9563400229124858,0.0052382706559729875,0.0384217064315413
8419,0.030422124840373446,0.023919127141132836,0.9456587480184937
8420,0.8482785661537728,0.009906942624558398,0.1418144912216687
8421,0.07834522662577026,0.11382407802515304,0.8078306953490767
8422,0.9653265685159207,0.0038179416666596464,0.030855489817419642
8423,0.9660619341019282,0.004532598093637721,0.029405467804434027
8424,0.6849766120814837,0.056519458939912254,0.2585039289786041
8425,0.9749836269946041,0.007319637756960108,0.01769673524843576
8426,0.07108417616984844,0.04665144965673252,0.882264374173419
8427,0.8275934979933165,0.02667319476068924,0.14573330724599415
8428,0.9847032472555544,0.002144019330998339,0.013152733413447321
8429,0.9678543774927285,0.0025836643012031066,0.02956195820606842
8430,0.8834255325322448,0.02016904721565756,0.09640542025209767
8431,0.11094242490799541,0.02428801813635912,0.8647695569556455
8432,0.5709091660617173,0.027315414025455134,0.4017754199128275
8433,0.888603173476249,0.01928355145217714,0.09211327507157384
8434,0.013308293880971614,0.012535769531693688,0.9741559365873348
8435,0.9758681723287085,0.0017383494076688352,0.022393478263622556
8436,0.724157470652314,0.026656523562036332,0.24918600578564973
8437,0.03467054070250771,0.020118568227711613,0.9452108910697806
8438,0.9749511592657741,0.009089803601435836,0.01595903713278997
8439,0.2303986833265208,0.14485469643757012,0.6247466202359091
8440,0.9266781914208548,0.024573127913395856,0.04874868066574917
8441,0.5110213416649049,0.005529974837354778,0.48344868349774034
8442,0.9731104358319141,0.0033389433172820683,0.023550620850803842
8443,0.9658630119015787,0.003293478774044499,0.0308435093243766
8444,0.9348271470336679,0.028226378849201202,0.03694647411713082
8445,0.9922515810563977,0.003708357677209153,0.004040061266393097
8446,0.7482464406997166,0.00942462102657692,0.2423289382737064
8447,0.08867236459300051,0.03425130447995796,0.8770763309270416
8448,0.9479713623843512,0.0013411365348572942,0.05068750108079147
8449,0.19881672113363877,0.2322809406096045,0.5689023382567568
8450,0.5350370230975678,0.05890119899093982,0.4060617779114924
8451,0.9757800002393713,0.004955530839552838,0.019264468921076028
8452,0.980093956230677,0.003868495699097601,0.016037548070225317
8453,0.9166495054057935,0.010179449789526052,0.0731710448046804
8454,0.5438705994619729,0.025168365144611748,0.43096103539341524
8455,0.14078717121839573,0.002740560761910167,0.8564722680196941
8456,0.7144893009330252,0.01988084455750637,0.2656298545094686
8457,0.9797954888721035,0.00196001508616765,0.018244496041728817
8458,0.6193659691064852,0.20263970739088957,0.17799432350262526
8459,0.972934666071988,0.009630682964151004,0.017434650963861244
8460,0.9624388797773457,0.025243526409337667,0.012317593813316593
8461,0.07441527757143683,0.050780548726720616,0.8748041737018426
8462,0.8779582795216213,0.030143973019011606,0.09189774745936705
8463,0.3308119148784653,0.006875452123849222,0.6623126329976856
8464,0.8916574237076476,0.01893771845599043,0.08940485783636196
8465,0.4639853989361415,0.016390239032392253,0.5196243620314663
8466,0.9104370848685323,0.03425331727118012,0.05530959786028759
8467,0.9795153604475187,0.0020759186937023004,0.018408720858779055
8468,0.19036597051868545,0.09372412361616134,0.7159099058651532
8469,0.1841430521438158,0.037959563934529275,0.7778973839216549
8470,0.8580550795537027,0.007844818318796975,0.1341001021275003
8471,0.9378891135150502,0.0014516920696508537,0.0606591944152989
8472,0.7536196497291414,0.023543747474179207,0.22283660279667936
8473,0.9695503148433389,0.010561722102872014,0.019887963053789214
8474,0.9448791116754353,0.01523771804673922,0.039883170277825494
8475,0.06578633970027356,0.007209859057607614,0.9270038012421188
8476,0.842651398757353,0.014020888895696193,0.143327712346951
8477,0.6677025907717287,0.13212814371442014,0.20016926551385114
8478,0.9445877456100181,0.017537669387568497,0.037874585002413336
8479,0.982520892153244,0.00633852137528814,0.011140586471467921
8480,0.9327650395834033,0.015695384981570863,0.05153957543502593
8481,0.9920372088963211,0.0051628682821910025,0.002799922821487962
8482,0.5278911558072604,0.032716034873198935,0.43939280931954067
8483,0.13033526266915532,0.004775752370270797,0.8648889849605739
8484,0.9719150763134115,0.0038551294311507576,0.024229794255437663
8485,0.9800084411073006,0.003572401209421306,0.01641915768327822
8486,0.032563062714304564,0.005879140096565574,0.9615577971891299
8487,0.5330553492323444,0.015118331399146003,0.4518263193685096
8488,0.9616113013729931,0.007957166425291234,0.030431532201715687
8489,0.847711289601077,0.0213008890261044,0.13098782137281867
8490,0.11384335502549035,0.03151282338939976,0.8546438215851099
8491,0.1635598847211127,0.006551575219959493,0.8298885400589278
8492,0.7701248149747087,0.07703927296968383,0.1528359120556074
8493,0.9133886858913763,0.004684464895134383,0.08192684921348913
8494,0.7574152136176445,0.008349160405199884,0.23423562597715544
8495,0.9572320505243468,0.024508241565539397,0.018259707910113714
8496,0.7503331198300569,0.04479780966985657,0.20486907050008651
8497,0.9715326108946865,0.004709848996911433,0.02375754010840208
8498,0.04778478049724715,0.01182373787903913,0.9403914816237137
8499,0.9902033432233629,0.0038684059586271244,0.005928250818010108
8500,0.9022942735536136,0.028885696593327577,0.06882002985305877
8501,0.9229403068939929,0.011509339813136284,0.06555035329287101
8502,0.011555501201767088,0.0024415256510943784,0.9860029731471385
8503,0.89026485519139,0.02231295851059146,0.08742218629801858
8504,0.04897495724576891,0.009989307773051,0.9410357349811802
8505,0.876271934602757,0.0038247075154930837,0.11990335788175009
8506,0.9866381428110943,0.001505434856097011,0.01185642233280878
8507,0.9147255746802297,0.002431236556500228,0.08284318876326996
8508,0.8737981433328099,0.0038679907595134603,0.12233386590767668
8509,0.963595130588547,0.004777276137075141,0.03162759327437787
8510,0.5135423279653468,0.0894434713392325,0.39701420069542076
8511,0.9675863143006846,0.013021561972393864,0.019392123726921416
8512,0.0321381983496476,0.0041064570304191915,0.9637553446199332
8513,0.6894350025701171,0.11322965160603775,0.19733534582384518
8514,0.025198237072157105,0.005924071205688225,0.9688776917221547
8515,0.91858262326121,0.004726921749789542,0.07669045498900057
8516,0.20156014891665625,0.024846577440536113,0.7735932736428076
8517,0.44184192045362713,0.015257777467986408,0.5429003020783865
8518,0.4393543607988355,0.3062462482426811,0.2543993909584835
8519,0.4474591402059108,0.023639258278599334,0.5289016015154898
8520,0.9784575775574545,0.005362018321637612,0.016180404120907974
8521,0.9325139215146943,0.006026963586318295,0.06145911489898742
