id,Status_C,Status_CL,Status_D
7905,0.44550478457263953,0.0761271296464607,0.4783680857808996
7906,0.43098369860615,0.20466772483683454,0.3643485765570154
7907,0.031605906162002616,0.015833213494337556,0.9525608803436599
7908,0.9297314675753489,0.0071134747004696275,0.06315505772418138
7909,0.742875897287914,0.18408830402567491,0.07303579868641116
7910,0.9880259696044179,0.0017364857560727906,0.010237544639509197
7911,0.975701950327483,0.0018605726441537187,0.02243747702836328
7912,0.20917984522555585,0.019522287864012243,0.7712978669104319
7913,0.0036872260815370883,0.0005755156019455567,0.9957372583165174
7914,0.4711304599110108,0.04731997709415233,0.48154956299483687
7915,0.6694665521742345,0.009654500880132573,0.32087894694563285
7916,0.5157799837486401,0.010824714574811678,0.47339530167654814
7917,0.3188209448772988,0.1502796927084138,0.5308993624142875
7918,0.7968655822910372,0.016129098355404554,0.18700531935355832
7919,0.6515926553678063,0.07464896590389584,0.2737583787282978
7920,0.9614244739762337,0.0031109072885113797,0.03546461873525516
7921,0.9094944239160534,0.003430050797558132,0.08707552528638846
7922,0.02557358326535839,0.0022884423085609068,0.9721379744260807
7923,0.9191163419289374,0.0011539407384873347,0.07972971733257524
7924,0.8656056922805969,0.07019669233298378,0.06419761538641938
7925,0.010318212163947873,0.0007648396297340505,0.988916948206318
7926,0.8338243098192849,0.003935460205725754,0.1622402299749893
7927,0.8146075514472931,0.009436901082522962,0.1759555474701838
7928,0.05070896680819605,0.006033601083800581,0.9432574321080033
7929,0.8528354977676043,0.03830778985722428,0.10885671237517137
7930,0.14115122998121926,0.15568735685952184,0.7031614131592588
7931,0.94711594227205,0.004076761362857211,0.048807296365092866
7932,0.3315934559245291,0.042127312786563606,0.6262792312889074
7933,0.615157885737473,0.029874953032936535,0.35496716122959043
7934,0.9515969485915111,0.0021633062632563887,0.04623974514523246
7935,0.953640786907143,0.0022467429852635673,0.044112470107593324
7936,0.9469720782775606,0.02747330631142827,0.025554615411011325
7937,0.2275694510505028,0.010466112648727878,0.7619644363007694
7938,0.9614380889629284,0.00901841898268913,0.029543492054382368
7939,0.5327120986217193,0.09867360503706758,0.3686142963412131
7940,0.6731334799370816,0.1651365504859435,0.16172996957697486
7941,0.27891031915415015,0.08331766308451935,0.6377720177613304
7942,0.9112547739166563,0.007061256007660043,0.08168397007568375
7943,0.024786455441819524,0.005527727703950131,0.9696858168542304
7944,0.9452844399574515,0.0015104070641502453,0.053205152978398174
7945,0.9436371108185437,0.0026470965377119447,0.05371579264374428
7946,0.8103332317795539,0.031877730124572255,0.15778903809587383
7947,0.7479974459498064,0.00585261055154649,0.2461499434986472
7948,0.07881998404993922,0.06132437367491653,0.8598556422751443
7949,0.057684735833940855,0.0295790542583207,0.9127362099077385
7950,0.841128516646882,0.0018540424345709382,0.157017440918547
7951,0.24086145440382245,0.2819420971241721,0.47719644847200543
7952,0.6251748747494675,0.024250377689739543,0.3505747475607928
7953,0.004904875759787409,0.001611122025434045,0.9934840022147785
7954,0.8236940627747874,0.004397151668742575,0.17190878555647007
7955,0.39956319110706057,0.017799179984815363,0.5826376289081241
7956,0.019382662870535403,0.0165613976874105,0.9640559394420541
7957,0.8652218508168624,0.058281677084690654,0.07649647209844687
7958,0.05363351405922118,0.007357839689532307,0.9390086462512465
7959,0.42384483070192225,0.05076047820235642,0.5253946910957213
7960,0.05600407836973214,0.010668252114183837,0.933327669516084
7961,0.8214616935213239,0.010559220086293742,0.16797908639238238
7962,0.14122819265801873,0.001960949207177967,0.8568108581348034
7963,0.20060200411695883,0.03873716501931207,0.760660830863729
7964,0.0374320578968603,0.008210295139512354,0.9543576469636272
7965,0.9756093145726236,0.005869720402389455,0.018520965024987106
7966,0.4604269341488165,0.027345464547005822,0.5122276013041777
7967,0.9576367991754133,0.006800122283372817,0.03556307854121379
7968,0.9110595347422107,0.002910508810441089,0.08602995644734822
7969,0.49334777467819024,0.017505513176012674,0.4891467121457971
7970,0.8336372779373319,0.002178001948386428,0.1641847201142817
7971,0.9690138075408958,0.000915103554234356,0.030071088904869776
7972,0.4434247991233567,0.3547227856779974,0.2018524151986459
7973,0.952582507708229,0.007565399359091078,0.039852092932679856
7974,0.38391143961641794,0.01225385199614308,0.6038347083874389
7975,0.9035900276879035,0.008429701483596983,0.08798027082849953
7976,0.661754998675301,0.015747966443190483,0.32249703488150855
7977,0.9867953382642161,0.0018518694360087457,0.01135279229977535
7978,0.046493384018450115,0.0026790897219073346,0.9508275262596425
7979,0.3403657784898063,0.014701591559252368,0.6449326299509415
7980,0.9461519091675233,0.002595493795870669,0.051252597036605826
7981,0.7928751769865375,0.022245148747720007,0.18487967426574248
7982,0.8974598282699634,0.010782109867867077,0.0917580618621695
7983,0.6266308045254736,0.03909131975855644,0.33427787571596995
7984,0.08989871127537326,0.04269884496297139,0.8674024437616554
7985,0.4380862979568146,0.020358990872793876,0.5415547111703916
7986,0.20293857610600186,0.21411127642315012,0.5829501474708481
7987,0.7905625339487905,0.008022775329176045,0.2014146907220335
7988,0.8624746571486552,0.009277003260733397,0.12824833959061127
7989,0.8893349046357205,0.02213682908613303,0.08852826627814638
7990,0.077861475687591,0.01862530548555362,0.9035132188268553
7991,0.03997193752939213,0.010594448539364571,0.9494336139312434
7992,0.9660959478680696,0.0087135340444771,0.025190518087453276
7993,0.5859288560768042,0.008093747963187051,0.40597739596000876
7994,0.9579327857773351,0.004621233883864892,0.037445980338799964
7995,0.6783423408748369,0.013927388780448503,0.30773027034471456
7996,0.06339136718217157,0.016732593052954232,0.9198760397648741
7997,0.9349951369948905,0.007057239951715051,0.05794762305339454
7998,0.003277591248059912,0.0011277831324113645,0.9955946256195286
7999,0.004551564198824204,0.002417652276349796,0.993030783524826
8000,0.6968521895033838,0.04664507275005529,0.25650273774656085
8001,0.9051915713937925,0.005217539944540905,0.08959088866166676
8002,0.4936343947605,0.09562242432452284,0.4107431809149772
8003,0.7349489507148029,0.14973128731015856,0.11531976197503846
8004,0.4797333616313436,0.0430128035965816,0.4772538347720749
8005,0.8304528633756754,0.021259624463554443,0.1482875121607702
8006,0.944180649765648,0.027946614950736016,0.027872735283615932
8007,0.8672589786641709,0.013419815642921759,0.11932120569290734
8008,0.9156977121788273,0.004137718152548501,0.08016456966862402
8009,0.7735116676925863,0.0035934804029448537,0.22289485190446887
8010,0.9577574472746474,0.0072796380358041216,0.034962914689548485
8011,0.8191614049593805,0.002674809624614046,0.1781637854160055
8012,0.9549503805624338,0.003810933875220434,0.04123868556234589
8013,0.04876341320191909,0.01496932490000313,0.9362672618980779
8014,0.9234704932871248,0.02168592044848834,0.054843586264386804
8015,0.8427280195580971,0.0023661241353023325,0.15490585630660061
8016,0.9907584143454751,0.0023129125759283327,0.006928673078596479
8017,0.40564203556748535,0.002259868949375274,0.5920980954831394
8018,0.6963497677639471,0.04936571597664259,0.25428451625941034
8019,0.8720726193986361,0.006059253880918494,0.12186812672044546
8020,0.5528802566298022,0.03904303922442636,0.40807670414577135
8021,0.061486140137641906,0.0062996728520489376,0.9322141870103091
8022,0.04532573691438389,0.04298922335909282,0.9116850397265234
8023,0.7108552078310557,0.03353803295453802,0.2556067592144062
8024,0.930540942255438,0.004363983444182524,0.0650950743003795
8025,0.12743698079609034,0.017589467334045553,0.8549735518698641
8026,0.9560481374048121,0.0030303516651213553,0.040921510930066525
8027,0.9489338635136888,0.0031740216238787364,0.04789211486243244
8028,0.04070864801714321,0.013974262602763542,0.9453170893800932
8029,0.12000178497283649,0.005747560207519181,0.8742506548196443
8030,0.9829354729984713,0.0004097532249786832,0.01665477377655007
8031,0.8966813240238504,0.027735113400517757,0.07558356257563179
8032,0.8448126262935225,0.001660118109899721,0.15352725559657782
8033,0.07103178127048557,0.031938089599714545,0.8970301291298
8034,0.5920182259940348,0.01439553090588349,0.39358624310008183
8035,0.9507582681150735,0.005448650595906609,0.04379308128901992
8036,0.7980682652574562,0.16127538775896624,0.04065634698357774
8037,0.27108759555650325,0.025886158732931364,0.7030262457105654
8038,0.6297987692073126,0.16102978181744823,0.20917144897523918
8039,0.03291435635324225,0.029324228063700077,0.9377614155830577
8040,0.5812282519724893,0.06972539327750715,0.34904635475000356
8041,0.17790535647466874,0.008045829564928811,0.8140488139604024
8042,0.08169478703563263,0.005648152968253707,0.9126570599961138
8043,0.9602918317091751,0.001372522013517044,0.038335646277308
8044,0.022154065570931362,0.002048415166598947,0.9757975192624697
8045,0.18245591213330045,0.379348368955852,0.4381957189108475
8046,0.6695632056865132,0.0036596234961353536,0.3267771708173514
8047,0.971574209639976,0.0016308811793218551,0.02679490918070223
8048,0.6650814354575262,0.010457924945333227,0.3244606395971406
8049,0.6896696170815744,0.10010123704823023,0.21022914587019542
8050,0.16848899823568128,0.015532855625763313,0.8159781461385553
8051,0.21469717161944182,0.011981647850972084,0.7733211805295861
8052,0.9864131802086772,0.0038357409710008594,0.009751078820322143
8053,0.029169548488817722,0.031870272181895046,0.9389601793292872
8054,0.924796712437081,0.010801367897044278,0.06440191966587482
8055,0.39451041565559575,0.08920834020194919,0.516281244142455
8056,0.9143567713944755,0.02178210778176148,0.06386112082376302
8057,0.7333651129649903,0.0016862904453517845,0.26494859658965797
8058,0.9064064066579991,0.049984314275695184,0.04360927906630563
8059,0.8782677991099631,0.004426178494707296,0.11730602239532957
8060,0.12308040913510092,0.053231124107608364,0.8236884667572908
8061,0.1169941585673326,0.029821934240311366,0.853183907192356
8062,0.06640979655501054,0.008459445775920817,0.9251307576690687
8063,0.9725842564806758,0.007365815512983385,0.020049928006340752
8064,0.019376222948173625,0.013794662359241443,0.9668291146925848
8065,0.8044987979694019,0.013789886216640547,0.18171131581395752
8066,0.9169247867403203,0.016938005359816207,0.06613720789986353
8067,0.027280236381979555,0.012711365149134242,0.9600083984688861
8068,0.7823973361011577,0.015213056735142024,0.20238960716370025
8069,0.7509970677348143,0.007973977797526803,0.24102895446765896
8070,0.984681122472214,0.0013458134058424937,0.013973064121943359
8071,0.8464610828229254,0.013484919189866147,0.14005399798720847
8072,0.9772140889221881,0.006439067230985829,0.016346843846826168
8073,0.8912143618914579,0.007481132098529531,0.1013045060100124
8074,0.9000265235041223,0.012253331643855074,0.08772014485202256
8075,0.9198344867912474,0.02785577712757284,0.05230973608117977
8076,0.9657869797599231,0.005108740893230872,0.029104279346845837
8077,0.13659427393953955,0.2558913198284321,0.6075144062320283
8078,0.137613613458611,0.02855767608130621,0.8338287104600828
8079,0.9148860938631883,0.00409073919028695,0.08102316694652474
8080,0.8752422451219992,0.009715169394509988,0.11504258548349092
8081,0.9140153250981938,0.003635205963159367,0.08234946893864668
8082,0.8932973137968203,0.014500090307185656,0.09220259589599399
8083,0.1445018591287979,0.008760456419615138,0.846737684451587
8084,0.04242744922388486,0.0016974661704038242,0.9558750846057112
8085,0.9661400118521993,0.0032009657426868956,0.030659022405113777
8086,0.0022321562620425837,0.001495997130067846,0.9962718466078895
8087,0.7052416753132489,0.011809681114729808,0.2829486435720213
8088,0.38017018963125876,0.05131684142899871,0.5685129689397426
8089,0.6001180773742296,0.011358501671833823,0.3885234209539366
8090,0.02409866436860294,0.007582507842170295,0.9683188277892267
8091,0.7762063782495819,0.007699314477903318,0.2160943072725147
8092,0.009461789954697727,0.004055309769963039,0.9864829002753392
8093,0.9349858979447693,0.01871301438724641,0.046301087667984325
8094,0.18627626634134226,0.06071892222583335,0.7530048114328245
8095,0.4901142595592315,0.045820322432249004,0.4640654180085196
8096,0.32210314066544943,0.016108821112025523,0.6617880382225251
8097,0.22242156096062113,0.03896061221336435,0.7386178268260145
8098,0.8705477773904046,0.05539600203314306,0.07405622057645239
8099,0.8694200690088777,0.003887265876392474,0.1266926651147299
8100,0.14212283584936106,0.011514496572502446,0.8463626675781366
8101,0.16107919583366048,0.04276473184204695,0.7961560723242925
8102,0.695053311724833,0.08062076509899987,0.22432592317616715
8103,0.3387270372558303,0.11089370654029125,0.5503792562038785
8104,0.6242996037660563,0.1131622734209553,0.2625381228129883
8105,0.045020578163692135,0.003717277254120771,0.951262144582187
8106,0.8436220224426196,0.009464227186388693,0.1469137503709918
8107,0.009844277439536503,0.0034340360838985137,0.986721686476565
8108,0.9249927705506853,0.027351114808118353,0.04765611464119645
8109,0.6410743129433643,0.006139901144054976,0.3527857859125808
8110,0.9781264973473389,0.012135406083543484,0.009738096569117694
8111,0.6851425101327776,0.03742142125976212,0.2774360686074602
8112,0.6447346384483382,0.027014374614527846,0.3282509869371339
8113,0.006208898207626336,0.006664682109509493,0.9871264196828642
8114,0.11184942613649222,0.04291822159275257,0.8452323522707553
8115,0.9168845246662094,0.003999641326052233,0.07911583400773829
8116,0.7390718523963186,0.093804952083302,0.1671231955203793
8117,0.2950788507188013,0.0285052630571154,0.6764158862240832
8118,0.8613258311980733,0.03892688916660364,0.09974727963532298
8119,0.6985788187976675,0.0951199656528265,0.20630121554950603
8120,0.9379966776896642,0.02031759254903072,0.04168572976130488
8121,0.6778166385044142,0.07512407731860085,0.24705928417698492
8122,0.9663246633779299,0.0025797255711600335,0.03109561105091013
8123,0.9868244974993101,0.000968060018199748,0.012207442482490186
8124,0.35376382179966154,0.03923273722422007,0.6070034409761184
8125,0.7902723688411928,0.013501821948346064,0.19622580921046107
8126,0.9182539567686049,0.02255526238750344,0.05919078084389177
8127,0.27422196674293464,0.030904855501769513,0.6948731777552958
8128,0.6989094008469664,0.05047049727545908,0.2506201018775745
8129,0.9850429345284875,0.0077005336896207146,0.007256531781891689
8130,0.8817486549876109,0.010404394125487661,0.10784695088690142
8131,0.06407679104434479,0.014143201419763538,0.9217800075358917
8132,0.5639469959094787,0.3467421995021663,0.08931080458835503
8133,0.9493196106940036,0.006627524335471226,0.044052864970525234
8134,0.6202907137067808,0.03339747869288499,0.3463118076003341
8135,0.031407801405206416,0.0056693853588376045,0.962922813235956
8136,0.022931993835593224,0.001959400336035739,0.9751086058283709
8137,0.7159477844427793,0.009477165695442977,0.27457504986177766
8138,0.053534524066162,0.009521019172845637,0.9369444567609924
8139,0.09693294125902129,0.00915860977010263,0.8939084489708762
8140,0.8419690887084178,0.023511199279064553,0.1345197120125177
8141,0.9795447413811084,0.0017146077995271194,0.018740650819364615
8142,0.9286453721862706,0.019161495309569863,0.05219313250415945
8143,0.9626297683687339,0.02370576043728521,0.013664471193980895
8144,0.11445704717004522,0.17746268684500088,0.7080802659849538
8145,0.9692295852713673,0.0016012177472863691,0.029169196981346405
8146,0.9637722136803776,0.007985299554566963,0.028242486765055384
8147,0.2826488739673437,0.008259478122714107,0.7090916479099422
8148,0.605261609558306,0.0031200295049604422,0.3916183609367335
8149,0.9434823522951234,0.0044334249403435635,0.052084222764532874
8150,0.9301085291232899,0.009050513580141485,0.060840957296568667
8151,0.09499679486398467,0.00807086727860607,0.8969323378574093
8152,0.9724641854175642,0.006660702352557307,0.02087511222987837
8153,0.8201303858892486,0.010432236150515946,0.16943737796023545
8154,0.933938799863911,0.006920461991845843,0.05914073814424321
8155,0.05110487792603611,0.011172054686742471,0.9377230673872213
8156,0.9934439444672929,0.0009808692755288778,0.005575186257178402
8157,0.8612004590558777,0.015860534746643753,0.12293900619747866
8158,0.9901486346969084,0.004204966526130622,0.0056463987769611165
8159,0.4004329717145111,0.11084400907734708,0.4887230192081417
8160,0.8784478338168733,0.012435578755332678,0.10911658742779398
8161,0.865462925595558,0.022423884820878738,0.11211318958356314
8162,0.3248391092929746,0.08784926759089992,0.5873116231161254
8163,0.30185208151131737,0.010808907914550223,0.6873390105741324
8164,0.6720613849517604,0.14047594476227387,0.18746267028596572
8165,0.0939219177373841,0.002200552119883999,0.903877530142732
8166,0.39554502953661236,0.007062986801140723,0.5973919836622469
8167,0.16628732605102184,0.1979621389748806,0.6357505349740975
8168,0.795693794306607,0.011561181249275456,0.19274502444411745
8169,0.8040928548721862,0.007947344702868724,0.18795980042494528
8170,0.792954429575376,0.025788712607393693,0.18125685781723042
8171,0.0072839904272897875,0.004833005477832074,0.9878830040948782
8172,0.07268194924433602,0.07612625400081952,0.8511917967548444
8173,0.41478311045546906,0.00821787130879837,0.5769990182357326
8174,0.9780869881587501,0.001040232892948128,0.02087277894830188
8175,0.9387573161915204,0.008186168833335497,0.0530565149751441
8176,0.6267856479707584,0.029455272747353444,0.34375907928188804
8177,0.12367157499625504,0.07735032915590727,0.7989780958478376
8178,0.863677800175975,0.047258298851453585,0.08906390097257158
8179,0.781231337768835,0.006966895733873953,0.21180176649729102
8180,0.6785858194611799,0.05436348587170437,0.26705069466711573
8181,0.30405656588805624,0.015341613357857397,0.6806018207540864
8182,0.9650062008886459,0.0026036523255203296,0.032390146785833844
8183,0.46154279544246835,0.023139008964282563,0.5153181955932491
8184,0.9397143996877135,0.006645984486304246,0.05363961582598225
8185,0.9918983642318825,0.0010877192742593295,0.007013916493858262
8186,0.8166034181916242,0.01476423116302521,0.16863235064535076
8187,0.3155613841903071,0.021055603080932683,0.6633830127287602
8188,0.8971107622434705,0.004275020589679137,0.09861421716685033
8189,0.1414869354941298,0.03687870691543323,0.821634357590437
8190,0.07488370905299957,0.5080899176121193,0.41702637333488113
8191,0.9613672431896059,0.003014201531530233,0.035618555278863914
8192,0.8900200094400222,0.013464058921834563,0.09651593163814329
8193,0.8453376320897773,0.0016505121956435073,0.15301185571457915
8194,0.7967033524211634,0.12564639936460917,0.07765024821422727
8195,0.8090027572630261,0.001443224049104398,0.18955401868786953
8196,0.918052049952466,0.005083805906632378,0.07686414414090162
8197,0.5562698464005374,0.006655032298539979,0.4370751213009225
8198,0.41022735823289835,0.021130222817561148,0.5686424189495406
8199,0.9296134614885704,0.00822906510862553,0.062157473402804274
8200,0.9731783950010386,0.007413270324714389,0.01940833467424703
8201,0.05281935504473816,0.002578872813282092,0.9446017721419797
8202,0.2087015067703979,0.017368699027291167,0.7739297942023109
8203,0.9448735455425744,0.0034134580730459316,0.05171299638437976
8204,0.3253549825103759,0.060244009583932445,0.6144010079056915
8205,0.9757842557817106,0.0006411660050470096,0.02357457821324241
8206,0.342562705552353,0.014369400012445474,0.6430678944352015
8207,0.9397243716419273,0.003474323070011788,0.056801305288060946
8208,0.10077832395795217,0.03371571834821439,0.8655059576938334
8209,0.23337270936836288,0.028278217666103767,0.7383490729655333
8210,0.9047851289123323,0.007228822781370049,0.08798604830629778
8211,0.459704858819214,0.045120304285919434,0.4951748368948666
8212,0.9066369618424054,0.0023531862382944147,0.0910098519193002
8213,0.786894682826168,0.015997611941190145,0.19710770523264187
8214,0.025657802336911804,0.013261078114739644,0.9610811195483485
8215,0.9174407338788003,0.06861952956700917,0.013939736554190573
8216,0.7165440450962882,0.003598524611707364,0.2798574302920043
8217,0.5881515920578084,0.03194631474640387,0.3799020931957877
8218,0.1211424277117071,0.01112169751967266,0.8677358747686204
8219,0.9023543432198583,0.0139620406248797,0.08368361615526183
8220,0.9767245226691713,0.004235104545315113,0.019040372785513536
8221,0.12165323506517382,0.0032084281243853416,0.8751383368104408
8222,0.33899871737433135,0.018342424426623632,0.6426588581990451
8223,0.7530763444440497,0.11531751596948608,0.13160613958646417
8224,0.655742644597045,0.04790773187831446,0.2963496235246405
8225,0.29286050829933835,0.04743322129410226,0.6597062704065594
8226,0.0075373786810883315,0.000802905369607223,0.9916597159493045
8227,0.9808088150183746,0.003291815536642794,0.01589936944498255
8228,0.9515212723422889,0.003324922287108776,0.04515380537060234
8229,0.24764807808249462,0.011232567068117124,0.7411193548493882
8230,0.6362748186077164,0.023715702385444792,0.34000947900683876
8231,0.8017575675331519,0.1659129348272944,0.03232949763955376
8232,0.5854179619464255,0.008161487141532968,0.40642055091204166
8233,0.08839665614017302,0.018412984085761225,0.8931903597740658
8234,0.960845107001361,0.0011446069540174328,0.038010286044621394
8235,0.33757583549781606,0.04662218604267942,0.6158019784595046
8236,0.3004027363663111,0.02544719094558667,0.6741500726881022
8237,0.7828417392577914,0.06429188530335359,0.15286637543885498
8238,0.41534244468322257,0.026994809222203132,0.5576627460945743
8239,0.08793221506690846,0.04028943742203548,0.8717783475110561
8240,0.7900130740240302,0.05580267422103257,0.15418425175493716
8241,0.02002127924320843,0.003034857921833848,0.9769438628349578
8242,0.9249146751779717,0.006468970214679699,0.06861635460734866
8243,0.7696027991987587,0.12228705116705146,0.10811014963418981
8244,0.9715943133470814,0.0009780927315019478,0.02742759392141666
8245,0.9261599418084542,0.01691333041381504,0.05692672777773085
8246,0.5179231014447818,0.025476623977222914,0.4566002745779953
8247,0.9886923620951497,0.0019887517722310417,0.009318886132619289
8248,0.9871457101547251,0.0032511633437621655,0.009603126501512722
8249,0.8587674644950901,0.038370964632147404,0.10286157087276242
8250,0.9349477307689941,0.0156312112097645,0.049421058021241436
8251,0.7869465691760559,0.0036507098871441236,0.20940272093680004
8252,0.5091419524417621,0.011548583200908869,0.47930946435732913
8253,0.9407891998554297,0.0076682249636843116,0.051542575180885834
8254,0.6577054287282974,0.09794077737280049,0.24435379389890216
8255,0.6770894032416322,0.02786555459421649,0.29504504216415134
8256,0.6357280156079607,0.024109861943395757,0.3401621224486436
8257,0.9331085428318588,0.017624944106245724,0.0492665130618954
8258,0.0026657322827679337,0.00041594373561957594,0.9969183239816124
8259,0.12597631549478308,0.05898510526342773,0.8150385792417892
8260,0.9329183024762402,0.009182205262453115,0.057899492261306765
8261,0.7534948567631157,0.015958137113654618,0.23054700612322976
8262,0.8859219291908839,0.008227813275917631,0.1058502575331985
8263,0.8938271498107145,0.040326127349729915,0.06584672283955562
8264,0.6540940237881021,0.003125226149936275,0.3427807500619615
8265,0.7843912899046007,0.052449082748630346,0.16315962734676898
8266,0.0023158262686211874,0.0010402356281297882,0.996643938103249
8267,0.5652545684006798,0.021014169689062626,0.41373126191025755
8268,0.9615137331256476,0.007115706654913293,0.03137056021943912
8269,0.9194275477502306,0.0061450710400766636,0.0744273812096926
8270,0.9254060057798006,0.010207566009813054,0.06438642821038656
8271,0.8732774759905207,0.0851436130014616,0.0415789110080176
8272,0.8681606700795286,0.0022037996512577597,0.12963553026921362
8273,0.6426443450711664,0.2468511804239578,0.11050447450487576
8274,0.9477370206805324,0.006749735806372971,0.04551324351309451
8275,0.04613612849611349,0.019031249616216047,0.9348326218876705
8276,0.30211096246855745,0.027135014199187922,0.6707540233322546
8277,0.972404661467922,0.004393893868030024,0.02320144466404791
8278,0.9279692668705561,0.012903953973751091,0.05912677915569285
8279,0.7171261783828239,0.006549344487540812,0.2763244771296354
8280,0.0114019921594926,0.009246246819662381,0.9793517610208451
8281,0.5741980390278014,0.05886548736313194,0.3669364736090667
8282,0.9703456889737546,0.007862107169252371,0.021792203856992973
8283,0.7007116878005504,0.008584916835111204,0.2907033953643384
8284,0.9653872317694788,0.006517772336581459,0.028094995893939663
8285,0.1326676176833128,0.013839929765492727,0.8534924525511945
8286,0.9736696994351527,0.004762878350080065,0.02156742221476736
8287,0.7435478560574913,0.007073212680896197,0.24937893126161262
8288,0.9456702299024426,0.0019447497136034796,0.052385020383953894
8289,0.2625436748475918,0.06492300739533106,0.6725333177570771
8290,0.17728203825971495,0.042727649821827966,0.7799903119184571
8291,0.3252015594925654,0.002145044254902307,0.6726533962525323
8292,0.8459462200361297,0.006092223085911014,0.1479615568779593
8293,0.9528785042143227,0.0008426343296188037,0.0462788614560586
8294,0.9685532697880255,0.004197461465164061,0.027249268746810544
8295,0.9683934668850266,0.00843654774696559,0.02316998536800786
8296,0.6914600162858635,0.03290947530799846,0.2756305084061379
8297,0.8006369702263612,0.008741751687333713,0.19062127808630508
8298,0.9872513417191352,0.0036380494423123087,0.009110608838552497
8299,0.8777545885360649,0.026794293696330917,0.09545111776760414
8300,0.9454739863459969,0.013595642310861798,0.040930371343141425
8301,0.5805621830515042,0.08469548991494863,0.33474232703354717
8302,0.37763054873964713,0.058125853748851826,0.564243597511501
8303,0.9382129930777077,0.0025039218130300284,0.05928308510926237
8304,0.1590304534550508,0.016957611140347082,0.824011935404602
8305,0.8568207701832308,0.015298678198337865,0.12788055161843137
8306,0.9603183589023757,0.0011701214527493253,0.03851151964487505
8307,0.017925440030663774,0.0035617681695261244,0.9785127917998101
8308,0.5136056527291241,0.0020398972245938268,0.48435445004628214
8309,0.028995338786424307,0.009647287153864616,0.9613573740597112
8310,0.8087005141488869,0.01653928548501519,0.17476020036609796
8311,0.9143515582070112,0.003668185029122211,0.08198025676386657
8312,0.9702223015228505,0.009493386753914984,0.020284311723234534
8313,0.9551486864094667,0.01712691183454505,0.027724401755988254
8314,0.9533791085407239,0.003595594092485019,0.04302529736679101
8315,0.6681920466658322,0.2370615742855461,0.09474637904862164
8316,0.9514139902145493,0.005679526664691454,0.04290648312075943
8317,0.8817631911551418,0.031131046714967272,0.08710576212989098
8318,0.6051861330882584,0.029025797308431304,0.36578806960331034
8319,0.00947065504366623,0.00775998989390024,0.9827693550624336
8320,0.6950697316437366,0.012360963207241638,0.2925693051490217
8321,0.8042970631662931,0.03556880629679564,0.16013413053691125
8322,0.34838330203074863,0.03581767992601344,0.615799018043238
8323,0.01626800848434862,0.0034920925331122523,0.980239898982539
8324,0.1746668556652149,0.020463537470151064,0.8048696068646339
8325,0.971091731378914,0.004150659404492,0.02475760921659406
8326,0.9788588698283127,0.0038755755177413732,0.017265554653945945
8327,0.9499562592571554,0.004537218185800561,0.0455065225570439
8328,0.019118658111541124,0.0023944170205290986,0.9784869248679297
8329,0.9284339627039103,0.0026870562241242987,0.06887898107196545
8330,0.2563792036858528,0.03733481219645383,0.7062859841176934
8331,0.9862671447712722,0.0015616385353702988,0.012171216693357453
8332,0.6404467341572185,0.03711956252645401,0.32243370331632754
8333,0.7110479699941298,0.005195162906111155,0.28375686709975917
8334,0.7078418435351747,0.004501209731004779,0.28765694673382064
8335,0.897438603761875,0.002235343942920658,0.10032605229520421
8336,0.23663559226177344,0.017524214410286645,0.7458401933279399
8337,0.471436352395236,0.006394673195192565,0.5221689744095713
8338,0.971326555149304,0.0028538629075651727,0.02581958194313077
8339,0.4316691928137763,0.1296551547046944,0.4386756524815293
8340,0.967265070655811,0.0036686999559239586,0.029066229388265096
8341,0.9554713259711508,0.012501840696152055,0.032026833332696944
8342,0.9824585916177017,0.005319884888199315,0.012221523494099122
8343,0.6941102403778285,0.012673790229121573,0.2932159693930499
8344,0.3020135401897361,0.009759528355246017,0.6882269314550178
8345,0.9889973448806213,0.0014321617265124298,0.009570493392866385
8346,0.43324274375877014,0.011603410759723827,0.555153845481506
8347,0.2912674474487346,0.12289950720143371,0.5858330453498317
8348,0.21917543810723,0.13025945021603563,0.6505651116767344
8349,0.9791277070074427,0.0023368841772184947,0.018535408815338637
8350,0.5037669829244643,0.00228947556229182,0.4939435415132439
8351,0.7424717239040675,0.0028726025655765384,0.254655673530356
8352,0.9489225486290254,0.0020840581080870525,0.048993393262887625
8353,0.006553562751661932,0.001972870403182375,0.9914735668451558
8354,0.04388630850088604,0.03525154724708306,0.920862144252031
8355,0.9389702769221046,0.0022869061555838626,0.05874281692231165
8356,0.8265501269844355,0.0027103281606962004,0.17073954485486814
8357,0.05485143820725209,0.004589207464528713,0.9405593543282192
8358,0.06581120927429035,0.012662835542587106,0.9215259551831225
8359,0.934195292517865,0.004183453966554384,0.06162125351558076
8360,0.80941646684058,0.0028081685855896005,0.1877753645738304
8361,0.3395689366996706,0.004832747637875309,0.6555983156624542
8362,0.8977463229455481,0.03829240351835882,0.06396127353609313
8363,0.2405383916415128,0.009079397319732,0.7503822110387551
8364,0.9655630520550563,0.0033526212748178894,0.03108432667012574
8365,0.7956608091770678,0.002258532446074335,0.2020806583768579
8366,0.6664653642454954,0.009022552780881888,0.3245120829736226
8367,0.9502202398998059,0.004308402373345859,0.0454713577268483
8368,0.8285648242490967,0.0331988823482278,0.13823629340267554
8369,0.7331523870329081,0.014296483103697348,0.2525511298633947
8370,0.5075703777620476,0.008205935257237567,0.4842236869807148
8371,0.953666925614244,0.0066552945628040065,0.03967777982295187
8372,0.003492262446407684,0.001277249838877623,0.9952304877147146
8373,0.011512489054178421,0.01625638693247485,0.9722311240133469
8374,0.18345534719309198,0.0034745491217894986,0.8130701036851185
8375,0.9896758738029457,0.002326406943495458,0.007997719253558832
8376,0.11498113113941186,0.022839021558779163,0.862179847301809
8377,0.903781041786082,0.004960297042312747,0.0912586611716053
8378,0.900028650929088,0.01996116060023687,0.08001018847067523
8379,0.9453007985563308,0.003056211865300737,0.0516429895783684
8380,0.8978772355322636,0.005143326029842828,0.09697943843789364
8381,0.9653927932694009,0.005122274168759025,0.02948493256184011
8382,0.9202553222059432,0.0068028980272581245,0.07294177976679866
8383,0.9038902539988546,0.007533272388715943,0.0885764736124294
8384,0.9187957209059481,0.0052673959475505305,0.07593688314650122
8385,0.06579714214421105,0.12553953698343778,0.8086633208723512
8386,0.43914193717160255,0.030824724022146043,0.5300333388062514
8387,0.9656393659410445,0.0034619145674742832,0.030898719491481205
8388,0.6548144955227275,0.004006311609619896,0.3411791928676526
8389,0.8561279685096332,0.017090983315024642,0.1267810481753421
8390,0.0691291954772546,0.0057715634227171455,0.9250992411000283
8391,0.7699336450109227,0.015289297132185959,0.2147770578568913
8392,0.9454186600712339,0.022385296137301648,0.03219604379146441
8393,0.9838141626374601,0.0007536254660437053,0.015432211896496129
8394,0.4396715111167982,0.03325362582036399,0.5270748630628378
8395,0.3132553997190736,0.020810638160295537,0.6659339621206308
8396,0.7529138717366862,0.009831801887332339,0.23725432637598134
8397,0.9193851708980456,0.006980506154443094,0.0736343229475113
8398,0.9604559461762834,0.0009183970525850844,0.03862565677113145
8399,0.8856032579587259,0.01921208618212534,0.09518465585914888
8400,0.00777895069256866,0.002032949998759196,0.9901880993086721
8401,0.4575305794072058,0.1507880065956446,0.3916814139971497
8402,0.22792987182013394,0.06038803163706137,0.7116820965428047
8403,0.02949308575387976,0.03068459943375541,0.9398223148123648
8404,0.8445413495437765,0.0038996884461682565,0.1515589620100554
8405,0.044872526013896546,0.0035008185333772423,0.9516266554527263
8406,0.7605261654792504,0.007976109641993797,0.23149772487875578
8407,0.8276250789700054,0.011369180256816788,0.16100574077317775
8408,0.42375048055347836,0.02617683527435855,0.5500726841721632
8409,0.04979029873210832,0.014172168127519334,0.9360375331403723
8410,0.38542324842504433,0.32744237951377314,0.2871343720611825
8411,0.9417972194962233,0.012814422787810214,0.045388357715966623
8412,0.009138642383900327,0.0006751562804302982,0.9901862013356693
8413,0.0017131001044612066,0.003830918839207032,0.9944559810563318
8414,0.9179202312377076,0.005194725049586323,0.07688504371270599
8415,0.8886300292275336,0.011687965479038916,0.09968200529342723
8416,0.9640518482654818,0.004481935768081408,0.0314662159664368
8417,0.7155254506793917,0.005288720871624117,0.27918582844898415
8418,0.9333373571133516,0.016978543690481962,0.049684099196166405
8419,0.06287868481373074,0.026088641668775402,0.9110326735174938
8420,0.6799866803306247,0.010138366326634672,0.30987495334274073
8421,0.03602633595678232,0.018175007987921994,0.9457986560552958
8422,0.9618567039579738,0.001967781258243498,0.036175514783782454
8423,0.8508609865451788,0.02553232434021794,0.12360668911460322
8424,0.8302443918540565,0.03548411699781097,0.13427149114813258
8425,0.9019531454646481,0.027786683666045673,0.07026017086930611
8426,0.046120087286517814,0.010273673453943581,0.9436062392595387
8427,0.7232093074549308,0.02134386181602376,0.25544683072904534
8428,0.9720949000311615,0.0015076439167698045,0.026397456052068686
8429,0.9655853892974455,0.0015231143679388503,0.03289149633461573
8430,0.8472650615409223,0.03672672687007062,0.1160082115890072
8431,0.08097394542576201,0.023070664774710165,0.8959553897995277
8432,0.5594706843514615,0.04523792039871749,0.39529139524982104
8433,0.6563493621548523,0.1790012838474487,0.16464935399769903
8434,0.014107221069885127,0.041078439639123054,0.9448143392909918
8435,0.9568266985652787,0.0021010347621460996,0.0410722666725753
8436,0.6538358621793287,0.02057004383353342,0.32559409398713807
8437,0.07400655065961727,0.020954772347731014,0.9050386769926516
8438,0.9353364127899672,0.033799876977944565,0.03086371023208824
8439,0.5429881659721831,0.058268066073292706,0.39874376795452415
8440,0.9223930341345842,0.023904968005680677,0.053701997859735215
8441,0.4979310055479606,0.00262704326740192,0.4994419511846375
8442,0.9263744769651464,0.01789865302608051,0.055726870008773084
8443,0.9667746943210321,0.0027058199289894573,0.030519485749978592
8444,0.9738036343552994,0.012757444559908699,0.013438921084792043
8445,0.9716139379402706,0.008270188148107194,0.020115873911622114
8446,0.6957346466329948,0.015219549677788042,0.289045803689217
8447,0.04360233864075286,0.027399564161798583,0.9289980971974485
8448,0.8583997318270465,0.000994651085480753,0.14060561708747277
8449,0.28849990695049843,0.21883083319741908,0.4926692598520825
8450,0.6933907609734625,0.024288814358205374,0.2823204246683322
8451,0.9307647747917507,0.00757457252234323,0.06166065268590601
8452,0.989198064823093,0.001182878966355415,0.009619056210551482
8453,0.8121432124614816,0.039011091031938644,0.14884569650657972
8454,0.42122320434585764,0.00849602147853649,0.570280774175606
8455,0.30765200188988,0.003923571394346936,0.6884244267157731
8456,0.4520773261985931,0.00944354008701521,0.5384791337143917
8457,0.9445208828137918,0.006438831373096929,0.04904028581311133
8458,0.6731349513182215,0.04343071725406865,0.28343433142770974
8459,0.9740339762708455,0.004395020327179576,0.021571003401974778
8460,0.9335479881913161,0.03375215629422769,0.03269985551445616
8461,0.05743221208998627,0.03280854166172295,0.9097592462482907
8462,0.8369455508937647,0.05112285979275661,0.11193158931347871
8463,0.36909650253313053,0.004544553107306609,0.6263589443595629
8464,0.9018840343901369,0.01844877764130389,0.07966718796855919
8465,0.3321103299063781,0.006178510738418462,0.6617111593552034
8466,0.9257326531186001,0.016176280261049204,0.05809106662035067
8467,0.984056263109509,0.001007299162006973,0.014936437728483836
8468,0.337448973226817,0.06134691708024476,0.6012041096929384
8469,0.22285635622390548,0.06943800501240835,0.7077056387636862
8470,0.6750160963159944,0.024251078262864774,0.30073282542114094
8471,0.9378637057208739,0.0013564324209148254,0.060779861858211284
8472,0.7721466155421071,0.026424678389116035,0.2014287060687769
8473,0.9729334532548891,0.010645219607722791,0.01642132713738815
8474,0.8461409499031403,0.01650335087388975,0.1373556992229701
8475,0.18763282834187128,0.00451548891720097,0.8078516827409278
8476,0.9242065817696291,0.007178715051509405,0.06861470317886151
8477,0.6436939632081496,0.04249171035276263,0.31381432643908774
8478,0.9222553130583158,0.017265192504810217,0.06047949443687408
8479,0.9696766352551595,0.010272261114096515,0.0200511036307441
8480,0.9492979399049393,0.003511345596401694,0.047190714498659095
8481,0.9780863654612518,0.009177818711531355,0.012735815827216888
8482,0.3838896133482913,0.019600860164646496,0.5965095264870621
8483,0.09148087461676616,0.0131685176447207,0.8953506077385132
8484,0.879021836485655,0.008194685166030986,0.1127834783483138
8485,0.985263084722078,0.0018509609415005522,0.01288595433642139
8486,0.062407367082403443,0.0044956253152982455,0.9330970076022984
8487,0.42092555483597877,0.018249785905880212,0.5608246592581411
8488,0.9905019398913968,0.00157349285584266,0.007924567252760684
8489,0.5949417515053075,0.01876341430384375,0.38629483419084887
8490,0.0892145440604297,0.04150676660038693,0.8692786893391834
8491,0.0842667536841692,0.003949859658544023,0.9117833866572868
8492,0.7322889374311267,0.05308924085802313,0.21462182171085023
8493,0.8637513467325878,0.007041849196128539,0.1292068040712838
8494,0.7959084781179274,0.006877409697538606,0.1972141121845339
8495,0.879599412796389,0.07108112027587953,0.04931946692773147
8496,0.8005051883232163,0.015889734145335514,0.18360507753144825
8497,0.8916157205794438,0.004195337057763632,0.10418894236279255
8498,0.0557937490177876,0.0028000769327564115,0.9414061740494559
8499,0.9557529766851837,0.004830924856554781,0.0394160984582617
8500,0.9142176242774084,0.01917931399233206,0.06660306173025952
8501,0.8701598516071977,0.008586233195868502,0.12125391519693378
8502,0.059332503612843146,0.00252679821264787,0.9381406981745088
8503,0.8438738336177148,0.008282735401798186,0.1478434309804868
8504,0.085515663614807,0.00671208010357449,0.9077722562816184
8505,0.9784108024452552,0.0010219495768019448,0.020567247977942817
8506,0.9919108701008655,0.0007460370771866576,0.007343092821947851
8507,0.4289628354707463,0.006527831957687049,0.5645093325715667
8508,0.9201430593801647,0.002035396798850661,0.07782154382098477
8509,0.9855320189276064,0.0019255104055286524,0.01254247066686477
8510,0.575589873150757,0.08329817257225874,0.34111195427698415
8511,0.9289210912789114,0.0436820507607796,0.027396857960308975
8512,0.0534854829478704,0.005646003772414141,0.9408685132797155
8513,0.5610048965496844,0.11052558770847407,0.3284695157418414
8514,0.02458306073718512,0.00521346102260709,0.9702034782402078
8515,0.8066434055720467,0.004856773255567764,0.18849982117238542
8516,0.2471169576803742,0.0253095634853,0.7275734788343259
8517,0.5298913156137122,0.06742630394675315,0.40268238043953464
8518,0.6161356112055609,0.14614646394919886,0.23771792484524024
8519,0.4951004272739692,0.024838873126120695,0.4800606995999102
8520,0.9855112289021347,0.005070630512133029,0.009418140585732326
8521,0.8909303968862966,0.00838155875488668,0.10068804435881677
8522,0.9269064979579087,0.024900813558514763,0.048192688483576565
