id,Status_C,Status_CL,Status_D
7905,0.7117670744980935,0.029344624129422292,0.2588883013724841
7906,0.8219624154760198,0.06957700733134607,0.10846057719263394
7907,0.011025139982999059,0.025629506671449982,0.9633453533455508
7908,0.9496458517076314,0.017068676110513242,0.03328547218185553
7909,0.702080496659153,0.1881101189391287,0.10980938440171847
7910,0.9757887402136031,0.008924236719493083,0.01528702306690391
7911,0.9622984859570507,0.01364613926797195,0.024055374774977243
7912,0.30025386018063893,0.06764807119699144,0.6320980686223696
7913,0.008016257154858064,0.003496544375269571,0.9884871984698722
7914,0.7343718448824501,0.013422528110075152,0.2522056270074746
7915,0.6777031994466851,0.04036441137797875,0.28193238917533603
7916,0.7107539692621724,0.01764596487449432,0.2716000658633334
7917,0.2664654332381528,0.37362812683522034,0.3599064399266268
7918,0.8204396803818262,0.020310595411787608,0.1592497242063861
7919,0.5840214849363938,0.16990883907368678,0.24606967598991944
7920,0.9309972965080419,0.010396832209088802,0.05860587128286931
7921,0.9107014396173664,0.01870726722043378,0.07059129316219996
7922,0.02992206252457645,0.03361320671574864,0.936464730759675
7923,0.8869055220581967,0.005477627682820571,0.10761685025898275
7924,0.5083073435628876,0.3601558430933503,0.13153681334376202
7925,0.004660480408006034,0.003527523288315439,0.9918119963036786
7926,0.7356234732241593,0.013926152577474621,0.25045037419836597
7927,0.8119153438589783,0.1002985511005562,0.08778610504046533
7928,0.04663183599090621,0.04775554219646485,0.9056126218126289
7929,0.9380206067127416,0.023680315327229137,0.038299077960029425
7930,0.14247848108151745,0.2864889760704237,0.5710325428480588
7931,0.8969371572587126,0.019666850693353596,0.08339599204793377
7932,0.08832005217390722,0.09944530753733029,0.8122346402887626
7933,0.30601890747548915,0.06362224479091169,0.6303588477335992
7934,0.9539149450819422,0.007562591925807592,0.03852246299225018
7935,0.9156015080277403,0.03431462322272856,0.05008386874953123
7936,0.8733747434018653,0.051885146337330094,0.07474011026080456
7937,0.11983290090809218,0.015159322560281682,0.8650077765316262
7938,0.9437879382570739,0.01884256092402436,0.03736950081890179
7939,0.37794575529172236,0.34443660708823204,0.27761763762004565
7940,0.37042808492423324,0.4743573459165836,0.15521456915918322
7941,0.10906890131151781,0.42583562005560555,0.46509547863287676
7942,0.9099510427890608,0.0203697778096425,0.06967917940129663
7943,0.021729250578981278,0.03313182408353515,0.9451389253374836
7944,0.9694084755729393,0.0036747113545116767,0.026916813072549183
7945,0.9311654014996115,0.009272426939600975,0.0595621715607877
7946,0.8793568770467254,0.02383374529930222,0.09680937765397227
7947,0.7800890289403775,0.01720027415602184,0.20271069690360072
7948,0.12001151658759429,0.03673595468361135,0.8432525287287943
7949,0.18855114741328596,0.4090265240725468,0.40242232851416704
7950,0.8249635771776228,0.041884684664478804,0.1331517381578984
7951,0.3996349186209046,0.22155712308303055,0.3788079582960649
7952,0.17042875897353466,0.30764838741399925,0.521922853612466
7953,0.00909438227450203,0.004185086562830257,0.9867205311626678
7954,0.8294064748094342,0.03881529389445048,0.13177823129611524
7955,0.16827923765867023,0.03462876744210973,0.79709199489922
7956,0.01448406941112612,0.04006016530442579,0.9454557652844482
7957,0.8365093638789421,0.05399652219234148,0.10949411392871633
7958,0.03828521189317108,0.013754746524132161,0.9479600415826968
7959,0.3601523328553192,0.14515467407980986,0.49469299306487097
7960,0.14831919391197912,0.06755446463814878,0.7841263414498723
7961,0.9019687021896862,0.02378191237396999,0.07424938543634385
7962,0.14561275439180182,0.005269947479681489,0.8491172981285168
7963,0.16007367022027838,0.1304824542872528,0.7094438754924688
7964,0.007580670304221175,0.012777564547915761,0.979641765147863
7965,0.9626316853582187,0.010759608431371578,0.026608706210409647
7966,0.4769233147993654,0.03243697014699797,0.4906397150536366
7967,0.780379783233591,0.1524808060801508,0.06713941068625799
7968,0.8867217535548273,0.005152832874439205,0.10812541357073356
7969,0.4891253506575017,0.07251817432194473,0.43835647502055347
7970,0.9059541734570801,0.003682127174632399,0.09036369936828745
7971,0.9250135429507809,0.010695950092473658,0.06429050695674543
7972,0.37913640076197713,0.4694560552168283,0.15140754402119447
7973,0.9464405867828389,0.019469435445591477,0.034089977771569795
7974,0.11661463318340089,0.12724847444523274,0.7561368923713665
7975,0.8359821742944906,0.04632273794209805,0.11769508776341121
7976,0.6738817008909765,0.009791546224098883,0.3163267528849245
7977,0.9536534545499914,0.013207214792914207,0.03313933065709447
7978,0.03385133998677023,0.02342304897864945,0.9427256110345802
7979,0.2541677764548082,0.0760983706349945,0.6697338529101973
7980,0.9282100156012425,0.006685468953525083,0.06510451544523227
7981,0.8346889664213657,0.05215521094856941,0.113155822630065
7982,0.871409250516933,0.03592065232753681,0.0926700971555303
7983,0.8482401795132467,0.08515272526632141,0.06660709522043187
7984,0.05901429970283151,0.13363306291367064,0.8073526373834978
7985,0.24241889656664972,0.08618765886251091,0.6713934445708394
7986,0.16629939524796325,0.337226768464635,0.49647383628740155
7987,0.35519655368917463,0.0965653719393235,0.5482380743715017
7988,0.7998923111161003,0.03805348994738628,0.16205419893651327
7989,0.9319320688802696,0.02828780172809578,0.039780129391634535
7990,0.40566554378229913,0.011983400053693935,0.582351056164007
7991,0.043484018569180466,0.056133315342226604,0.9003826660885927
7992,0.9584733610424346,0.022116850202321438,0.019409788755244007
7993,0.6362506356077913,0.027637597286571027,0.3361117671056377
7994,0.8927067740661128,0.02049967459798336,0.08679355133590377
7995,0.7793288492798279,0.04055102898681323,0.18012012173335884
7996,0.0185425753817078,0.06921958959406826,0.912237835024224
7997,0.8795408498979551,0.059381318030972075,0.06107783207107296
7998,0.005668797198822558,0.0036914550158383386,0.990639747785339
7999,0.007969614205812211,0.006090078033718107,0.9859403077604695
8000,0.8882660560210117,0.03241620380616178,0.07931774017282661
8001,0.7907746266520537,0.08540046197050119,0.12382491137744518
8002,0.45102451360134965,0.26389244493474817,0.28508304146390206
8003,0.3525090900699227,0.5716322564592766,0.07585865347080059
8004,0.5819775814987481,0.02044064484779296,0.3975817736534591
8005,0.6969335847480252,0.031218249835486784,0.2718481654164879
8006,0.8853427750722195,0.09018008875026136,0.024477136177519246
8007,0.8180314615033552,0.019793999803375074,0.1621745386932699
8008,0.9205538823144597,0.035217515909240424,0.044228601776299975
8009,0.7936019545942903,0.025441882038184604,0.18095616336752504
8010,0.7636497993535563,0.16723127046863778,0.06911893017780606
8011,0.7430994397012505,0.02444413082362512,0.23245642947512435
8012,0.8091332922465653,0.009498691775772011,0.18136801597766283
8013,0.08331753635935571,0.05435034755482597,0.8623321160858184
8014,0.9034708025485404,0.061822151375276954,0.034707046076182815
8015,0.9383531211045367,0.011329952160043845,0.05031692673541922
8016,0.9718789149949293,0.009343530554464853,0.018777554450605617
8017,0.3938491893329919,0.007524376800610746,0.5986264338663975
8018,0.7120407425246791,0.030302691929315034,0.2576565655460059
8019,0.9543593106650528,0.02305932008318114,0.022581369251766167
8020,0.6265762485647828,0.08207504076293462,0.2913487106722826
8021,0.04880967614201667,0.011587349572609887,0.9396029742853734
8022,0.0719563663680192,0.06363971328478951,0.8644039203471913
8023,0.6233332171790417,0.25701437143195804,0.11965241138900021
8024,0.9074109113632708,0.01040850164941254,0.08218058698731667
8025,0.16992641363527475,0.05908254111340614,0.7709910452513191
8026,0.9053967612168314,0.02756302016548222,0.06704021861768648
8027,0.9526068878087286,0.016142318786147396,0.03125079340512403
8028,0.0407541185505993,0.02305371176054235,0.9361921696888583
8029,0.17841700067780902,0.07833768148710955,0.7432453178350814
8030,0.9783648277060824,0.0021370905762096238,0.019498081717708397
8031,0.8345526217113303,0.07360125421883135,0.09184612406983814
8032,0.8910929945976277,0.008712248188903787,0.10019475721346868
8033,0.10789436258994234,0.19191182492384684,0.7001938124862108
8034,0.5573135565644558,0.07092960502513522,0.3717568384104089
8035,0.9292887046706854,0.009837983882751348,0.06087331144656326
8036,0.6274736076335157,0.3447566191694161,0.027769773197068203
8037,0.21264508344458843,0.05580598787943783,0.7315489286759738
8038,0.8017376350195714,0.011401030508529609,0.18686133447189895
8039,0.038057765325600935,0.08645171443788885,0.8754905202365103
8040,0.27523951250433787,0.3541488273088894,0.3706116601867727
8041,0.1179870263732723,0.02634815163651068,0.8556648219902171
8042,0.020726115048979595,0.020716053703451098,0.9585578312475694
8043,0.9231639575035862,0.011199377244387684,0.06563666525202619
8044,0.01426632680204822,0.011020144952983653,0.974713528244968
8045,0.24906414925992512,0.1703258556626375,0.5806099950774374
8046,0.806212113026631,0.004812495716373405,0.18897539125699558
8047,0.9084644800563978,0.0204774309274154,0.07105808901618657
8048,0.6490141746143349,0.15603936455702874,0.19494646082863637
8049,0.6467656794903166,0.24125884134160672,0.11197547916807667
8050,0.35519768417308306,0.02059285067084433,0.6242094651560726
8051,0.1637734456833722,0.04304896722502358,0.7931775870916044
8052,0.9688134129527789,0.020021705803840485,0.011164881243380633
8053,0.04428258935835665,0.055834353323457896,0.8998830573181854
8054,0.868221476593875,0.01624714736705111,0.11553137603907394
8055,0.13099968342144194,0.212234518238252,0.6567657983403061
8056,0.9260260241294207,0.03355729179834396,0.040416684072235316
8057,0.8475502844791247,0.011336851326579415,0.1411128641942959
8058,0.9290953537437214,0.0224013853482034,0.048503260908075135
8059,0.6647188108230401,0.08845735921676022,0.24682382996019966
8060,0.06733043761378482,0.38514384886133385,0.5475257135248814
8061,0.11366731472677281,0.29433878877353514,0.591993896499692
8062,0.09440392418876381,0.028653617930261714,0.8769424578809745
8063,0.9269856350873462,0.04428807230909086,0.028726292603563033
8064,0.02541931796517042,0.06640433075727378,0.9081763512775559
8065,0.8820134657896112,0.032348738990377233,0.08563779522001166
8066,0.9467968079085493,0.03386529482527518,0.019337897266175675
8067,0.014108882204505364,0.014789123507343025,0.9711019942881516
8068,0.6978648673099767,0.13674441084325406,0.16539072184676923
8069,0.8573653420170437,0.01560165690267096,0.1270330010802854
8070,0.9754127476959458,0.008022266020734808,0.016564986283319406
8071,0.8830913741028568,0.0364948588702379,0.08041376702690556
8072,0.9135768452875139,0.0168745827597278,0.06954857195275838
8073,0.9537335526057231,0.009822948344780931,0.03644349904949581
8074,0.7295148259782572,0.038268946384713724,0.23221622763702904
8075,0.8598416437738758,0.04939818675709803,0.09076016946902603
8076,0.9389352596851517,0.015041615962321796,0.04602312435252663
8077,0.10287614073385734,0.20057507291343796,0.6965487863527047
8078,0.1895145481681524,0.11888061316360139,0.6916048386682462
8079,0.912089011324304,0.010617796073259177,0.07729319260243693
8080,0.8097035685248067,0.09506925641335619,0.09522717506183707
8081,0.9250776936673124,0.012589413256524825,0.06233289307616288
8082,0.8826193954671672,0.028580723914013485,0.08879988061881913
8083,0.08065104324466782,0.1272282400698135,0.7921207166855185
8084,0.03281967348744537,0.039258243592221444,0.9279220829203331
8085,0.9114544890326388,0.04460969023439766,0.04393582073296334
8086,0.005317555703581508,0.0029728366541828324,0.9917096076422355
8087,0.8459874271783451,0.025315772499491192,0.12869680032216388
8088,0.49644926788169247,0.025238110295286737,0.47831262182302076
8089,0.3607592982393916,0.03575598239060928,0.6034847193699991
8090,0.01022959989371686,0.01144319755526323,0.9783272025510198
8091,0.927491747402246,0.019149676121763718,0.05335857647599018
8092,0.005866682077485581,0.003701835521009783,0.9904314824015044
8093,0.9115626261958993,0.04502255530892091,0.043414818495179607
8094,0.24422337298864105,0.19275405677432522,0.5630225702370337
8095,0.4055490745521191,0.4537699325496398,0.1406809928982411
8096,0.47382701304440833,0.029695969544325712,0.49647701741126604
8097,0.20984128533641191,0.06496742370532553,0.7251912909582625
8098,0.5282777502983947,0.28530583601866893,0.18641641368293635
8099,0.7059932447455174,0.015645697668846124,0.27836105758563645
8100,0.08783611830265017,0.019519380931988083,0.8926445007653617
8101,0.6053867648705248,0.034363572055872316,0.3602496630736029
8102,0.7288746578168825,0.14815072702279386,0.12297461516032343
8103,0.2852716929739063,0.45261804605185696,0.2621102609742368
8104,0.643308019954478,0.19714149114146104,0.15955048890406107
8105,0.0283542156932646,0.004543935043468667,0.9671018492632668
8106,0.9415318268205208,0.016775749987510486,0.04169242319196855
8107,0.010904640305915161,0.01812410917881682,0.9709712505152681
8108,0.8970116263340832,0.06425481499756591,0.038733558668351126
8109,0.8252503390528041,0.01474057774596674,0.16000908320122909
8110,0.9541098044879793,0.033549679585372034,0.0123405159266487
8111,0.6111679868272609,0.21053278399522016,0.17829922917751892
8112,0.7300754706613561,0.04334717028261325,0.22657735905603052
8113,0.01236675384138115,0.04613561284200498,0.9414976333166137
8114,0.03435717153679852,0.08844124163758481,0.8772015868256167
8115,0.9248964596806911,0.013762427513922648,0.06134111280538633
8116,0.7314305235068109,0.08840013815699575,0.18016933833619336
8117,0.14622000924027298,0.05209273712760584,0.8016872536321211
8118,0.3916491657844899,0.32574776196772504,0.2826030722477851
8119,0.43878845385949417,0.2178117447296517,0.3433998014108542
8120,0.88084899840461,0.08855439864425095,0.030596602951139022
8121,0.24953135298081125,0.26891794753893705,0.48155069948025153
8122,0.9405223493183261,0.027745072812027635,0.03173257786964621
8123,0.9713814354829423,0.009552457990743486,0.019066106526314262
8124,0.30753572956088837,0.24628417006399983,0.4461801003751118
8125,0.8636720386216756,0.01758613719775817,0.11874182418056618
8126,0.8319992717125313,0.08053384787681553,0.08746688041065327
8127,0.13262161020660904,0.1375483090892698,0.7298300807041211
8128,0.616322760388031,0.17718661919669315,0.20649062041527577
8129,0.8373019406231311,0.12953803509765732,0.03316002427921137
8130,0.43431710184194505,0.13786693206885411,0.42781596608920075
8131,0.05454337920648831,0.06277288591464913,0.8826837348788625
8132,0.40716031919826073,0.47785532357726423,0.11498435722447523
8133,0.8889273605185802,0.06897883859456187,0.04209380088685785
8134,0.640368209507106,0.17644130692579507,0.18319048356709872
8135,0.011277807746778903,0.003985296562362323,0.9847368956908585
8136,0.03354475500154312,0.02876037942233397,0.9376948655761229
8137,0.2837227351062987,0.05389238242521064,0.6623848824684906
8138,0.03204216674805366,0.03302756027765918,0.9349302729742872
8139,0.0725820078840749,0.02709946388354268,0.9003185282323825
8140,0.879352799898355,0.03542469398362569,0.0852225061180191
8141,0.9496017949617931,0.008398989152660892,0.04199921588554603
8142,0.8628174907173631,0.11382915338547835,0.023353355897158673
8143,0.8508266179335259,0.10943159368123198,0.039741788385242074
8144,0.13180123287215045,0.1627237729829669,0.7054749941448827
8145,0.9140078086722994,0.020985138708420187,0.06500705261928055
8146,0.8635695817073138,0.023454844775816996,0.11297557351686936
8147,0.33999603148675134,0.013020272018084445,0.6469836964951642
8148,0.9075846951258129,0.010302574033447495,0.0821127308407396
8149,0.937489210450145,0.025572329118277233,0.03693846043157756
8150,0.8905479032834613,0.04405262172653116,0.0653994749900074
8151,0.13557925609431973,0.09778408250485054,0.7666366614008298
8152,0.9234718194804901,0.027529640872304483,0.04899853964720534
8153,0.9181906761659326,0.0240752435810686,0.05773408025299874
8154,0.8767076932122961,0.07626478167629525,0.04702752511140865
8155,0.07721380198770056,0.04432459547980618,0.8784616025324933
8156,0.9619495779573572,0.021440799161944097,0.016609622880698716
8157,0.7587172671386764,0.029636572966037514,0.21164615989528618
8158,0.9434512366090437,0.037244241541474814,0.019304521849481508
8159,0.2837599006586976,0.21756418016142712,0.49867591917987525
8160,0.6288265185316786,0.14006937863274416,0.23110410283557734
8161,0.872574271634808,0.04239916094817394,0.08502656741701793
8162,0.2836663865296452,0.4141342320970923,0.3021993813732624
8163,0.143893025344064,0.09169672327089108,0.764410251385045
8164,0.8369182077394625,0.09461008201567515,0.0684717102448622
8165,0.04325641935508541,0.013391878688025974,0.9433517019568888
8166,0.6513887413641146,0.04190473537529106,0.3067065232605942
8167,0.4947597866832424,0.16867668636366073,0.33656352695309677
8168,0.6559005756690989,0.03229725220302279,0.31180217212787825
8169,0.770963369371351,0.021760975893042052,0.2072756547356069
8170,0.5466808756052448,0.27785002388606234,0.17546910050869297
8171,0.04359113080373618,0.006986548643704181,0.9494223205525596
8172,0.05205148409599871,0.1645061914471074,0.7834423244568939
8173,0.7630686648472484,0.027826457314365814,0.20910487783838577
8174,0.9437651878126722,0.006216404343963619,0.050018407843364324
8175,0.8570050929005886,0.07126576372290112,0.07172914337651029
8176,0.5189291993709545,0.03152705856973528,0.44954374205931014
8177,0.21895107429482666,0.12017306868803801,0.6608758570171354
8178,0.5090227329771387,0.19269754830581265,0.29827971871704867
8179,0.6807118806744025,0.029664617933757527,0.2896235013918399
8180,0.6446573358808907,0.21852995804721403,0.13681270607189525
8181,0.1033344406364128,0.055709377539586116,0.8409561818240011
8182,0.960761023795218,0.018398487794469606,0.020840488410312438
8183,0.48809429203251614,0.0944295591833912,0.4174761487840928
8184,0.8267239309595816,0.08249680783948685,0.0907792612009314
8185,0.9778576756624665,0.012412073953925502,0.009730250383608233
8186,0.8193959597270295,0.0372828274831338,0.14332121278983667
8187,0.4013074002175113,0.10250774037674595,0.4961848594057427
8188,0.8888655621749191,0.015180550383163053,0.0959538874419179
8189,0.19926164863581466,0.23457361116040992,0.5661647402037754
8190,0.07697600696869195,0.7812467885632487,0.1417772044680592
8191,0.8954165441413824,0.03634607496461686,0.06823738089400082
8192,0.8879080081460524,0.04042012321441471,0.07167186863953268
8193,0.853839891675185,0.006132865419801112,0.14002724290501364
8194,0.904245639870978,0.0515477752911821,0.04420658483784005
8195,0.8793831936737165,0.008833510395458119,0.11178329593082528
8196,0.835121698392854,0.02323478076500392,0.14164352084214207
8197,0.7210197569433571,0.007449277696681263,0.2715309653599617
8198,0.6472230642176084,0.0814087189975287,0.27136821678486284
8199,0.9127527366313731,0.043802426758455734,0.04344483661017104
8200,0.9718308677774381,0.016093392042191467,0.012075740180370432
8201,0.044191570037105436,0.004617695836501983,0.9511907341263925
8202,0.22360973044986937,0.09850597670228757,0.6778842928478431
8203,0.8345048955273667,0.053592101759583816,0.11190300271304932
8204,0.21092889327651246,0.19048319072148387,0.5985879160020036
8205,0.9085744279007189,0.003644411257151994,0.08778116084212911
8206,0.2518940643900553,0.04430412048455167,0.703801815125393
8207,0.9064732503537956,0.026406822253124712,0.06711992739307977
8208,0.07044262945979986,0.2176219890860752,0.7119353814541249
8209,0.2900264939556964,0.14032520734978046,0.5696482986945232
8210,0.8767678536785687,0.024673964653412553,0.09855818166801897
8211,0.24219818021867043,0.19466577253639414,0.5631360472449354
8212,0.9286493727454169,0.011224585710641895,0.06012604154394118
8213,0.9414794758995341,0.021467028810586073,0.03705349528987992
8214,0.029379837754353294,0.16466188768731138,0.8059582745583355
8215,0.9118490097005639,0.069262995327104,0.018887994972332255
8216,0.8574148788539224,0.025913706166126208,0.11667141497995143
8217,0.579428009404123,0.33250134836832196,0.08807064222755506
8218,0.08693900918155363,0.12903382402806968,0.7840271667903767
8219,0.9070649047337972,0.05214186300833352,0.04079323225786928
8220,0.8960101830964504,0.021483456092619365,0.08250636081093032
8221,0.4613254265660454,0.015575941974237402,0.5230986314597172
8222,0.27642861400629887,0.12136987214230914,0.602201513851392
8223,0.6909615762061811,0.2125279502695685,0.0965104735242503
8224,0.3211866156445237,0.4564418538800507,0.22237153047542563
8225,0.08440398277513636,0.04371939452878749,0.8718766226960762
8226,0.00865617781458413,0.005209415259894389,0.9861344069255213
8227,0.7861921400937787,0.11147976094605012,0.10232809896017127
8228,0.8523109911196688,0.020023119275187268,0.12766588960514388
8229,0.06644960212563779,0.023198187763914985,0.9103522101104472
8230,0.5508161696527825,0.2977327217350481,0.1514511086121695
8231,0.3369241220949505,0.6316394897501753,0.03143638815487432
8232,0.3568454888640041,0.09620395639455677,0.5469505547414393
8233,0.09148023837631782,0.0902473425926585,0.8182724190310237
8234,0.9400869363739272,0.020070928786671,0.039842134839401744
8235,0.2095975461881565,0.11870580878767126,0.6716966450241724
8236,0.20419837212622985,0.08808011770168866,0.7077215101720815
8237,0.8204818107260385,0.09067492964632407,0.08884325962763737
8238,0.24344794506230819,0.03313572147997777,0.7234163334577141
8239,0.06824614966976919,0.36679085845802983,0.564962991872201
8240,0.7318491504319126,0.20138291019241358,0.06676793937567382
8241,0.01839130397329192,0.008954593487531366,0.9726541025391766
8242,0.860947320083097,0.024139891760537116,0.11491278815636584
8243,0.5504396281564984,0.32764951708539647,0.12191085475810504
8244,0.9590077659265559,0.0032497856357094346,0.03774244843773469
8245,0.9066936049343173,0.03601188449592402,0.057294510569758664
8246,0.35757405558472066,0.19189056390699127,0.4505353805082882
8247,0.9701323887669995,0.01582289094548935,0.014044720287510996
8248,0.9519450533420706,0.023989436695035886,0.024065509962893562
8249,0.8834078855878128,0.0431673308048486,0.0734247836073386
8250,0.9309515222779441,0.035484290414062675,0.033564187307993286
8251,0.6890201556453543,0.006150219644800763,0.304829624709845
8252,0.7095346343750043,0.014040150431004754,0.27642521519399105
8253,0.9265181239578849,0.019150434238175945,0.054331441803939035
8254,0.6894105449442006,0.03930045351919999,0.27128900153659935
8255,0.39859178043391075,0.30691354760665457,0.2944946719594346
8256,0.8243213455285895,0.07172477741990946,0.103953877051501
8257,0.8296182822042324,0.13470170526215053,0.03568001253361699
8258,0.01306355017029679,0.00570030282103028,0.981236147008673
8259,0.05919851301464398,0.10279041230436677,0.8380110746809892
8260,0.9319072016889425,0.019562737582185158,0.04853006072887239
8261,0.7043754717813148,0.1837495895040484,0.11187493871463682
8262,0.6550171914924624,0.02229903422005673,0.3226837742874808
8263,0.6367066803072111,0.32271519004963306,0.04057812964315585
8264,0.8383733427173956,0.007416304107166871,0.15421035317543724
8265,0.4808772650593736,0.3575532773320184,0.16156945760860805
8266,0.0038376547549062155,0.0026796218988057257,0.9934827233462881
8267,0.8561982116379984,0.06814726824552698,0.07565452011647453
8268,0.7317526410411074,0.12204800830368241,0.1461993506552103
8269,0.860119548082653,0.05360771163496884,0.08627274028237822
8270,0.7526473714547018,0.04599501742687282,0.20135761111842532
8271,0.861901197620165,0.09471849294611707,0.04338030943371776
8272,0.9385659920433745,0.008404547968543726,0.05302945998808152
8273,0.6655260259012962,0.2548819862414198,0.07959198785728411
8274,0.7356673319761939,0.1365964367768359,0.12773623124697012
8275,0.08176715942977163,0.2365182209076166,0.6817146196626117
8276,0.17091398132204325,0.04713708135646299,0.7819489373214937
8277,0.8496387279374787,0.05550778034033786,0.09485349172218328
8278,0.7363270582740135,0.06989940029757578,0.19377354142841086
8279,0.8023372132103801,0.02176013537465083,0.17590265141496897
8280,0.028283962227672595,0.0478338318537103,0.9238822059186171
8281,0.6856492674584593,0.15108172879488307,0.16326900374665765
8282,0.9478598050291078,0.03401423368095182,0.018125961289940342
8283,0.8911201809526593,0.009408784567377529,0.09947103447996315
8284,0.91807993187964,0.02984101600096993,0.0520790521193903
8285,0.06758792546424011,0.03975066634098084,0.8926614081947789
8286,0.978733445810918,0.008374574150514938,0.012891980038567208
8287,0.7615343387305727,0.011014714249434133,0.2274509470199932
8288,0.9546957059421196,0.01262491069289404,0.032679383364986325
8289,0.21262292855384982,0.08651204607185368,0.7008650253742965
8290,0.180832933199574,0.018765288501632216,0.800401778298794
8291,0.2665469995980069,0.026452904109540827,0.7070000962924522
8292,0.8709814707080884,0.0112122748337906,0.11780625445812076
8293,0.8945223151911872,0.013077959500922528,0.09239972530789047
8294,0.9294708648665578,0.012826687560271671,0.057702447573170536
8295,0.938202801121408,0.03325841982562647,0.028538779052965448
8296,0.3877836111851624,0.09927305918109915,0.5129433296337383
8297,0.8724404821644322,0.028532928294256094,0.0990265895413118
8298,0.952090683693383,0.025553108413792477,0.022356207892824508
8299,0.828029847730966,0.03613570681839331,0.13583444545064066
8300,0.8150367478292062,0.04352893724009756,0.14143431493069614
8301,0.6347011047890423,0.04233683078478682,0.32296206442617087
8302,0.10902791585836522,0.1511479094458015,0.7398241746958332
8303,0.8163392284574725,0.010594409776387424,0.17306636176613988
8304,0.04329216024667886,0.1093104119523851,0.8473974278009361
8305,0.9026070813348132,0.055306958373481506,0.042085960291705325
8306,0.8703250809962063,0.018053175399369258,0.11162174360442433
8307,0.003728006321010436,0.004944673069509318,0.9913273206094804
8308,0.5693167855367296,0.00294407401123541,0.42773914045203504
8309,0.0678757497006488,0.04378894270730649,0.8883353075920448
8310,0.8302265872937274,0.04370114429127511,0.12607226841499752
8311,0.8714426796145012,0.005691963030020349,0.12286535735547843
8312,0.8909595310409358,0.03688172416339873,0.0721587447956655
8313,0.9399189449627092,0.040341267299652935,0.019739787737637786
8314,0.9446876680754567,0.019425394481915798,0.03588693744262766
8315,0.772393057125752,0.16845516394455098,0.059151778929697044
8316,0.8741563761090714,0.056395243338785706,0.06944838055214288
8317,0.5969918686894634,0.2700767944608814,0.13293133684965516
8318,0.5211823209485188,0.21800152298382325,0.2608161560676579
8319,0.022974771772982423,0.10015388914437937,0.8768713390826381
8320,0.8682693960072012,0.022641296183857972,0.10908930780894062
8321,0.42786666661467615,0.14423580629207897,0.42789752709324486
8322,0.3194457136878336,0.18131440131687418,0.4992398849952922
8323,0.008763123202850994,0.015232202176061808,0.9760046746210872
8324,0.018950738227542598,0.013122334368456418,0.9679269274040009
8325,0.9642446110627565,0.026074617678470965,0.009680771258772508
8326,0.9501285775767905,0.018155753817324812,0.031715668605884734
8327,0.9289710892840837,0.04422421973579661,0.026804690980119828
8328,0.004568418893578416,0.004176091902191999,0.9912554892042296
8329,0.9408603482239933,0.025040821662085818,0.03409883011392069
8330,0.3711635048382302,0.051885639345414895,0.5769508558163547
8331,0.9630101262400778,0.018892586211669105,0.01809728754825306
8332,0.2016611362071956,0.6769452803051993,0.12139358348760511
8333,0.8685855033152886,0.00739277373228715,0.12402172295242431
8334,0.7719426198722084,0.022896561166180645,0.20516081896161098
8335,0.9017099398988812,0.015775901856162605,0.08251415824495634
8336,0.19417615609584593,0.038615336560960445,0.7672085073431937
8337,0.44538396978987366,0.08706301677602067,0.4675530134341059
8338,0.9487060611342908,0.009347520567670754,0.04194641829803865
8339,0.19623127662155895,0.39837393732420023,0.4053947860542409
8340,0.9408687959392652,0.012584413430296301,0.04654679063043822
8341,0.9073634634450599,0.031071897797195432,0.061564638757744636
8342,0.9462165165182257,0.034032572639453536,0.019750910842320724
8343,0.7224420311807812,0.02305584695938115,0.25450212185983756
8344,0.0626405689036101,0.10242523883390135,0.8349341922624887
8345,0.9474877871747968,0.007371363543915427,0.04514084928128783
8346,0.5550174778429765,0.03210296185279984,0.4128795603042236
8347,0.31233886122680715,0.3534301394139308,0.3342309993592621
8348,0.3869880363948379,0.0572783226681337,0.5557336409370283
8349,0.9336483737413539,0.024032824837828683,0.042318801420817426
8350,0.7876013133133803,0.029265445303637037,0.18313324138298276
8351,0.682949234083509,0.03688674333885245,0.2801640225776385
8352,0.8829132933237374,0.01739747582072627,0.09968923085553635
8353,0.029030621716861993,0.007744749684146323,0.9632246285989916
8354,0.04080404940065062,0.22677742912005996,0.7324185214792894
8355,0.9635168932580896,0.011040218359849651,0.025442888382060602
8356,0.5351467218532353,0.13255984897168596,0.33229342917507865
8357,0.02990375331952576,0.028806126636954883,0.9412901200435192
8358,0.03330908265224857,0.18417430001524715,0.7825166173325042
8359,0.9389026554491561,0.02860234695451343,0.03249499759633058
8360,0.8279669090789266,0.011767126545290798,0.1602659643757827
8361,0.5028978160334807,0.026785770517069672,0.47031641344944963
8362,0.8333033158544766,0.06370595322042115,0.1029907309251023
8363,0.2572349939972324,0.011546622291482242,0.7312183837112853
8364,0.9475812100433211,0.02366025347578856,0.028758536480890134
8365,0.7641503097372297,0.014843416389257198,0.2210062738735132
8366,0.8129395128884552,0.02782520109189825,0.1592352860196466
8367,0.8291899185339388,0.04168710352983771,0.1291229779362236
8368,0.8757498993219884,0.05459336661598051,0.06965673406203093
8369,0.45006053496349646,0.021747691205065766,0.5281917738314378
8370,0.7817410785809064,0.04384796475120613,0.17441095666788756
8371,0.8906835763547162,0.014389462809366621,0.09492696083591728
8372,0.006778836123697527,0.010055032484412101,0.9831661313918904
8373,0.02344316745968784,0.051192038706622076,0.9253647938336902
8374,0.1294407160601489,0.020110633525575804,0.8504486504142754
8375,0.9540297903471148,0.016023958779067426,0.029946250873817786
8376,0.07873945880928358,0.03383071635043414,0.8874298248402824
8377,0.6936822083544772,0.18926072477362518,0.11705706687189774
8378,0.9255836735418485,0.028175788716821512,0.04624053774133015
8379,0.9381547888646274,0.019960140344441317,0.041885070790931234
8380,0.7007632993316614,0.03262714544639076,0.26660955522194785
8381,0.9553317564634802,0.022752536932411416,0.021915706604108274
8382,0.8573269906589264,0.023429481095582547,0.11924352824549102
8383,0.8984684687083785,0.011870481548621997,0.08966104974299959
8384,0.9383682942970821,0.020510701947822403,0.041121003755095524
8385,0.08710633995177304,0.2004656999705434,0.7124279600776836
8386,0.2511100240895109,0.1824243295833352,0.566465646327154
8387,0.9666437089223202,0.007458981082467106,0.025897309995212798
8388,0.5455954851515091,0.03547748667865901,0.4189270281698319
8389,0.6175873435004734,0.11824752869856635,0.26416512780096024
8390,0.030057387409222498,0.006942104943162542,0.9630005076476149
8391,0.7386501540470214,0.027055418815022995,0.23429442713795565
8392,0.7661951035755591,0.10097750687183218,0.13282738955260884
8393,0.9594966837802519,0.016762208970760178,0.023741107248988147
8394,0.5921493278724065,0.07537607521398391,0.33247459691360953
8395,0.10119294796312177,0.11199368896254143,0.7868133630743368
8396,0.805193119435523,0.09216539388846431,0.10264148667601289
8397,0.9525645718663023,0.010615551342048191,0.03681987679164955
8398,0.9086009721051105,0.027878280296277803,0.06352074759861166
8399,0.9258648840787146,0.025459892291151403,0.04867522363013388
8400,0.007376267903747485,0.014153043034969722,0.9784706890612828
8401,0.247476529148498,0.4117899947713453,0.3407334760801567
8402,0.20861596619274156,0.3288093689222043,0.46257466488505417
8403,0.04351202791819456,0.16145457907226418,0.7950333930095413
8404,0.8074102744611558,0.01652188879842343,0.1760678367404208
8405,0.02443297587794381,0.011525607731583773,0.9640414163904725
8406,0.7247735100959681,0.008329487224527823,0.26689700267950395
8407,0.8879992620858969,0.02285573237463321,0.08914500553946983
8408,0.7360466960570783,0.036018642443910155,0.22793466149901181
8409,0.048553331267305815,0.016898860343231983,0.9345478083894622
8410,0.17835387320648807,0.6422762637893017,0.17936986300421012
8411,0.8254430638681373,0.04392242553806203,0.13063451059380066
8412,0.03820671572319378,0.007409132519879699,0.9543841517569266
8413,0.015567032064126313,0.034976851006210716,0.9494561169296629
8414,0.9261750480009178,0.011817962832826908,0.06200698916625542
8415,0.8405420051672926,0.039209835297106095,0.1202481595356013
8416,0.9039261403880587,0.029761435456429706,0.06631242415551146
8417,0.3502398092940008,0.061767878101554936,0.5879923126044442
8418,0.7716613473565795,0.12167096652555492,0.1066676861178656
8419,0.05352249748043152,0.06546225906456295,0.8810152434550055
8420,0.6542631665826448,0.016601782363909957,0.32913505105344526
8421,0.11893596842069272,0.09919935787622536,0.7818646737030819
8422,0.9647179827481014,0.014212889971805675,0.021069127280092758
8423,0.8855498652352838,0.027858567781422743,0.08659156698329362
8424,0.5573491777141065,0.2544972327025745,0.1881535895833191
8425,0.6908082648006896,0.05943128925550349,0.24976044594380686
8426,0.04479886956839532,0.0722514544130144,0.8829496760185903
8427,0.5134276668642112,0.1609976684667086,0.3255746646690803
8428,0.9666226586856465,0.005727775269182566,0.027649566045170885
8429,0.9623370678824149,0.009446775323133283,0.028216156794451816
8430,0.9417143840469321,0.03481618958510947,0.02346942636795856
8431,0.06472003808441246,0.020253679602261317,0.9150262823133263
8432,0.6300437008789186,0.17235034738067992,0.19760595174040163
8433,0.7883610593656026,0.1298926680982316,0.08174627253616568
8434,0.028223121765009906,0.0720478860956623,0.8997289921393279
8435,0.9133638076455926,0.013036458259906963,0.07359973409450034
8436,0.7177735620024871,0.07644931895977823,0.20577711903773474
8437,0.018309805936483327,0.007834074015466942,0.9738561200480497
8438,0.9221145382137189,0.047394397064617864,0.030491064721663096
8439,0.46616243001158386,0.1660165814169491,0.3678209885714671
8440,0.7678155763642501,0.1565721975977763,0.07561222603797367
8441,0.4732952902106645,0.009455828697887738,0.5172488810914475
8442,0.8998275586484029,0.056922190352933735,0.043250250998663226
8443,0.9098352321320294,0.01698660885812984,0.07317815900984084
8444,0.7838362364050447,0.17735172347623798,0.03881204011871731
8445,0.9454351031126476,0.03844638055150704,0.016118516335845396
8446,0.7726953015076825,0.01851819980148254,0.20878649869083502
8447,0.06671680614963656,0.21985887319838857,0.7134243206519749
8448,0.8290438223829114,0.007970836104248317,0.16298534151284028
8449,0.42444878730312197,0.20542527689501722,0.3701259358018609
8450,0.8051152336595282,0.04758391460498937,0.14730085173548235
8451,0.8958106014275318,0.03752253720551016,0.06666686136695797
8452,0.9621306855995844,0.012375895191811504,0.025493419208604328
8453,0.8463827532964443,0.0439110941333814,0.10970615257017442
8454,0.4492019137224994,0.045381941237535174,0.5054161450399655
8455,0.22688644789349027,0.01947242799316052,0.7536411241133493
8456,0.5149680627587725,0.025877477660809188,0.45915445958041834
8457,0.9221490783261108,0.012220273127755494,0.06563064854613372
8458,0.4294845968192853,0.43336326586056234,0.13715213732015222
8459,0.9217520309257183,0.02635311088457523,0.051894858189706496
8460,0.9343572788225404,0.02621692883069661,0.039425792346763085
8461,0.14995574807783157,0.12705566096001714,0.7229885909621513
8462,0.9312818165652113,0.028292078303370962,0.040426105131417735
8463,0.491456815018508,0.018509859040811486,0.4900333259406807
8464,0.9075773759156419,0.04618376522909932,0.04623885885525875
8465,0.19000171728030324,0.024149091784537342,0.7858491909351595
8466,0.8253180624049619,0.07910122997511058,0.09558070761992764
8467,0.9399975310334844,0.007881929777614234,0.05212053918890133
8468,0.21121628553637584,0.1210456568711163,0.6677380575925079
8469,0.08313796799294583,0.12146883677687978,0.7953931952301743
8470,0.7116675618759565,0.05214967137757829,0.23618276674646532
8471,0.8792621707123193,0.028829227113872032,0.09190860217380871
8472,0.7021431926978376,0.04301840050604547,0.2548384067961169
8473,0.9352357610234759,0.04329793942603945,0.02146629955048456
8474,0.5612408782026234,0.35384458053643764,0.08491454126093904
8475,0.05886745095826188,0.029443843917237065,0.9116887051245011
8476,0.8872058069302079,0.032930447736142995,0.07986374533364905
8477,0.35658800477591474,0.48708667754774243,0.15632531767634286
8478,0.9235907572402222,0.027770600358335337,0.04863864240144245
8479,0.9223509184867086,0.02653903219779343,0.051110049315497966
8480,0.9343246227449581,0.02353143244693297,0.04214394480810888
8481,0.9670076483392462,0.01857782639360001,0.014414525267153732
8482,0.24328981698053245,0.039816811247693214,0.7168933717717744
8483,0.18156335102354698,0.035471449289710334,0.7829651996867428
8484,0.8281288179359021,0.04749704330949917,0.12437413875459899
8485,0.9580785136766353,0.015308476004338456,0.026613010319026218
8486,0.07360553430250795,0.023759989815762866,0.9026344758817292
8487,0.43818063205191005,0.15531860802665007,0.4065007599214398
8488,0.9483959959918162,0.010702590374784332,0.040901413633399435
8489,0.5441244256817264,0.06674844953507232,0.38912712478320133
8490,0.12799230913587967,0.1047771263063224,0.7672305645577978
8491,0.07591896196133782,0.0271984806727261,0.8968825573659361
8492,0.8454471487589327,0.061251946259287204,0.09330090498178017
8493,0.8073618351398852,0.029345956475107262,0.16329220838500744
8494,0.787339357734354,0.026050360057571727,0.18661028220807424
8495,0.7107227249750592,0.2146915162459618,0.07458575877897897
8496,0.8440650995303165,0.08248237904677543,0.07345252142290808
8497,0.9322963541745344,0.010900877203125011,0.05680276862234061
8498,0.050939022427042034,0.010844710319157139,0.9382162672538008
8499,0.9148129257099523,0.011792078662532863,0.07339499562751485
8500,0.8190018586102749,0.11009855361024876,0.07089958777947628
8501,0.8330804730336504,0.01934394972672927,0.14757557723962045
8502,0.04869067682684878,0.014122128044736514,0.9371871951284149
8503,0.565366417559928,0.2459231456707668,0.1887104367693052
8504,0.03595588932869092,0.04904072401085416,0.9150033866604549
8505,0.9642144185491686,0.011289368657687926,0.024496212793143332
8506,0.9714063359766268,0.006696405540535019,0.021897258482838057
8507,0.7986654702590908,0.016040652624148565,0.18529387711676054
8508,0.87511190084441,0.013789521240649886,0.11109857791494003
8509,0.940054939047894,0.028218952423167677,0.03172610852893851
8510,0.731786619136517,0.07317162749742581,0.19504175336605728
8511,0.9019178778020889,0.03892442269706322,0.05915769950084801
8512,0.04331484862389717,0.0202156720723426,0.9364694793037603
8513,0.4088309553027172,0.25274328593363116,0.3384257587636516
8514,0.04045872118878376,0.046025826313913526,0.9135154524973027
8515,0.7216394933536883,0.014528680851054672,0.26383182579525705
8516,0.09021592338295885,0.07941770299244894,0.8303663736245922
8517,0.42809298702700216,0.13986900981174272,0.43203800316125507
8518,0.5960120768451186,0.26027819001557123,0.14370973313931046
8519,0.21382342790164297,0.3525672617423091,0.4336093103560479
8520,0.9400711685059338,0.04073362377527335,0.019195207718793027
8521,0.8939469434024042,0.017131974220285374,0.08892108237731038
8522,0.7532703500907312,0.2012543517983241,0.04547529811094456
8523,0.03142683166520646,0.008761279924750124,0.9598118884100436
8524,0.9390583680075343,0.054165832375391854,0.006775799617073718
8525,0.31300791325687144,0.006058401778150608,0.680933684964978
8526,0.8999070366397507,0.009932934962172598,0.09016002839807674
